{"producer":{"name":"Blender","version":"3.1.2","exporter_version":"2.93.5","file":"untitled.babylon"},
"autoClear":true,"clearColor":[0.0509,0.0509,0.0509],"gravity":[0,-9.81,0],
"materials":[{"name":"Texture","id":"Texture","customType":"BABYLON.PBRMaterial","emissive":[1,1,1],"roughness":0.2,"alpha":1,"transparencyMode":0,"alphaCutOff":0.4, 
"emissiveTexture":{"name":"main.png","level":1,"hasAlpha":true,"coordinatesMode":0,"uOffset":0,"vOffset":0,"uScale":1,"vScale":1,"uAng":0,"vAng":0,"wAng":0,"wrapU":1,"wrapV":1,"coordinatesIndex":0}}],
"skeletons":[{"name":"metarig","id":0,"dimensionsAtRest":[2.1662,2.2854,1.0284],"bones":[
{"name":"spine","index":0,"matrix":[1,0,0,0,0,0.9996,-0.0273,0,0,-0.0273,-0.9996,0,0,0.8572,0.0231,1],"rest":[1,0,0,0,0,0.9996,-0.0273,0,0,-0.0273,-0.9996,0,0,0.8572,0.0231,1],"parentBoneIndex":-1,"length":0.1639
,"animation":
{"name":"anim","property":"_matrix","dataType":3,"framePerSecond":24,"loopBehavior":1,"keys":[
{"frame":1,"values":[1,0,0,0,0,0.9996,-0.0273,0,0,-0.0273,-0.9996,0,0,0.8572,0.0231,1]},
{"frame":2,"values":[0.9997,0,-0.0252,0,-0.0007,0.9996,-0.0273,0,-0.0252,-0.0273,-0.9993,0,0.0006,0.8572,0.023,1]},
{"frame":3,"values":[0.9987,0,-0.0504,0,-0.0014,0.9996,-0.0272,0,-0.0504,-0.0273,-0.9984,0,0.0012,0.8572,0.023,1]},
{"frame":4,"values":[0.9971,0,-0.0756,0,-0.0021,0.9996,-0.0272,0,-0.0756,-0.0273,-0.9968,0,0.0017,0.8572,0.023,1]},
{"frame":5,"values":[0.9949,0,-0.1008,0,-0.0027,0.9996,-0.0271,0,-0.1007,-0.0273,-0.9945,0,0.0023,0.8572,0.0229,1]},
{"frame":6,"values":[0.9921,0,-0.1258,0,-0.0034,0.9996,-0.027,0,-0.1258,-0.0273,-0.9917,0,0.0029,0.8572,0.0229,1]},
{"frame":7,"values":[0.9886,0,-0.1508,0,-0.0041,0.9996,-0.027,0,-0.1508,-0.0273,-0.9882,0,0.0035,0.8572,0.0228,1]},
{"frame":8,"values":[0.9844,0,-0.1757,0,-0.0048,0.9996,-0.0268,0,-0.1757,-0.0273,-0.9841,0,0.0041,0.8572,0.0227,1]},
{"frame":9,"values":[0.9797,0,-0.2005,0,-0.0055,0.9996,-0.0267,0,-0.2004,-0.0273,-0.9793,0,0.0046,0.8572,0.0226,1]},
{"frame":10,"values":[0.9743,0,-0.2252,0,-0.0061,0.9996,-0.0266,0,-0.2251,-0.0273,-0.974,0,0.0052,0.8572,0.0225,1]},
{"frame":11,"values":[0.9683,0,-0.2497,0,-0.0068,0.9996,-0.0264,0,-0.2496,-0.0273,-0.968,0,0.0058,0.8572,0.0223,1]},
{"frame":12,"values":[0.9617,0,-0.274,0,-0.0075,0.9996,-0.0262,0,-0.2739,-0.0273,-0.9614,0,0.0063,0.8572,0.0222,1]},
{"frame":13,"values":[0.9545,0,-0.2982,0,-0.0081,0.9996,-0.026,0,-0.2981,-0.0273,-0.9541,0,0.0069,0.8572,0.022,1]},
{"frame":14,"values":[0.9467,0,-0.3222,0,-0.0088,0.9996,-0.0258,0,-0.3221,-0.0273,-0.9463,0,0.0074,0.8572,0.0218,1]},
{"frame":15,"values":[0.9382,0,-0.346,0,-0.0094,0.9996,-0.0256,0,-0.3458,-0.0273,-0.9379,0,0.008,0.8572,0.0216,1]},
{"frame":16,"values":[0.9292,0,-0.3695,0,-0.0101,0.9996,-0.0253,0,-0.3694,-0.0273,-0.9289,0,0.0085,0.8572,0.0214,1]},
{"frame":17,"values":[0.9196,0,-0.3929,0,-0.0107,0.9996,-0.0251,0,-0.3927,-0.0273,-0.9193,0,0.0091,0.8572,0.0212,1]},
{"frame":18,"values":[0.9094,0,-0.4159,0,-0.0113,0.9996,-0.0248,0,-0.4158,-0.0273,-0.9091,0,0.0096,0.8572,0.021,1]},
{"frame":19,"values":[0.8986,0,-0.4387,0,-0.012,0.9996,-0.0245,0,-0.4386,-0.0273,-0.8983,0,0.0101,0.8572,0.0207,1]},
{"frame":20,"values":[0.8873,0,-0.4613,0,-0.0126,0.9996,-0.0242,0,-0.4611,-0.0273,-0.8869,0,0.0106,0.8572,0.0205,1]},
{"frame":21,"values":[0.8753,0,-0.4835,0,-0.0132,0.9996,-0.0239,0,-0.4833,-0.0273,-0.875,0,0.0111,0.8572,0.0202,1]},
{"frame":22,"values":[0.8629,0,-0.5055,0,-0.0138,0.9996,-0.0235,0,-0.5053,-0.0273,-0.8625,0,0.0117,0.8572,0.0199,1]},
{"frame":23,"values":[0.8498,0,-0.5271,0,-0.0144,0.9996,-0.0232,0,-0.5269,-0.0273,-0.8495,0,0.0121,0.8572,0.0196,1]},
{"frame":24,"values":[0.8363,0,-0.5483,0,-0.0149,0.9996,-0.0228,0,-0.5481,-0.0273,-0.8359,0,0.0126,0.8572,0.0193,1]},
{"frame":25,"values":[0.8222,0,-0.5693,0,-0.0155,0.9996,-0.0224,0,-0.5691,-0.0273,-0.8219,0,0.0131,0.8572,0.019,1]},
{"frame":26,"values":[0.8075,0,-0.5898,0,-0.0161,0.9996,-0.022,0,-0.5896,-0.0273,-0.8072,0,0.0136,0.8572,0.0186,1]},
{"frame":27,"values":[0.7924,0,-0.61,0,-0.0166,0.9996,-0.0216,0,-0.6098,-0.0273,-0.7921,0,0.0141,0.8572,0.0183,1]},
{"frame":28,"values":[0.7767,0,-0.6298,0,-0.0172,0.9996,-0.0212,0,-0.6296,-0.0273,-0.7765,0,0.0145,0.8572,0.0179,1]},
{"frame":29,"values":[0.7606,0,-0.6492,0,-0.0177,0.9996,-0.0207,0,-0.649,-0.0273,-0.7603,0,0.015,0.8572,0.0175,1]},
{"frame":30,"values":[0.744,0,-0.6682,0,-0.0182,0.9996,-0.0203,0,-0.6679,-0.0273,-0.7437,0,0.0154,0.8572,0.0172,1]},
{"frame":31,"values":[0.7269,0,-0.6868,0,-0.0187,0.9996,-0.0198,0,-0.6865,-0.0273,-0.7266,0,0.0158,0.8572,0.0168,1]},
{"frame":32,"values":[0.7093,0,-0.7049,0,-0.0192,0.9996,-0.0193,0,-0.7046,-0.0273,-0.7091,0,0.0162,0.8572,0.0164,1]},
{"frame":33,"values":[0.6913,0,-0.7225,0,-0.0197,0.9996,-0.0188,0,-0.7223,-0.0273,-0.6911,0,0.0167,0.8572,0.0159,1]},
{"frame":34,"values":[0.6729,0,-0.7398,0,-0.0202,0.9996,-0.0183,0,-0.7395,-0.0273,-0.6726,0,0.0171,0.8572,0.0155,1]},
{"frame":35,"values":[0.654,0,-0.7565,0,-0.0206,0.9996,-0.0178,0,-0.7562,-0.0273,-0.6538,0,0.0174,0.8572,0.0151,1]},
{"frame":36,"values":[0.6347,0,-0.7728,0,-0.0211,0.9996,-0.0173,0,-0.7725,-0.0273,-0.6345,0,0.0178,0.8572,0.0146,1]},
{"frame":37,"values":[0.615,0,-0.7885,0,-0.0215,0.9996,-0.0168,0,-0.7882,-0.0273,-0.6148,0,0.0182,0.8572,0.0142,1]},
{"frame":38,"values":[0.5949,0,-0.8038,0,-0.0219,0.9996,-0.0162,0,-0.8035,-0.0273,-0.5947,0,0.0185,0.8572,0.0137,1]},
{"frame":39,"values":[0.5744,0,-0.8185,0,-0.0223,0.9996,-0.0157,0,-0.8182,-0.0273,-0.5742,0,0.0189,0.8572,0.0132,1]},
{"frame":40,"values":[0.5536,0,-0.8328,0,-0.0227,0.9996,-0.0151,0,-0.8325,-0.0273,-0.5534,0,0.0192,0.8572,0.0128,1]},
{"frame":41,"values":[0.5324,0,-0.8465,0,-0.0231,0.9996,-0.0145,0,-0.8462,-0.0273,-0.5322,0,0.0195,0.8572,0.0123,1]},
{"frame":42,"values":[0.5109,0,-0.8596,0,-0.0234,0.9996,-0.0139,0,-0.8593,-0.0273,-0.5107,0,0.0198,0.8572,0.0118,1]},
{"frame":43,"values":[0.489,0,-0.8723,0,-0.0238,0.9996,-0.0133,0,-0.8719,-0.0273,-0.4889,0,0.0201,0.8572,0.0113,1]},
{"frame":44,"values":[0.4669,0,-0.8843,0,-0.0241,0.9996,-0.0127,0,-0.884,-0.0273,-0.4667,0,0.0204,0.8572,0.0108,1]},
{"frame":45,"values":[0.4444,0,-0.8958,0,-0.0244,0.9996,-0.0121,0,-0.8955,-0.0273,-0.4442,0,0.0207,0.8572,0.0102,1]},
{"frame":46,"values":[0.4217,0,-0.9068,0,-0.0247,0.9996,-0.0115,0,-0.9064,-0.0273,-0.4215,0,0.0209,0.8572,0.0097,1]},
{"frame":47,"values":[0.3987,0,-0.9171,0,-0.025,0.9996,-0.0109,0,-0.9168,-0.0273,-0.3985,0,0.0211,0.8572,0.0092,1]},
{"frame":48,"values":[0.3754,0,-0.9269,0,-0.0253,0.9996,-0.0102,0,-0.9265,-0.0273,-0.3752,0,0.0214,0.8572,0.0087,1]},
{"frame":49,"values":[0.3519,0,-0.936,0,-0.0255,0.9996,-0.0096,0,-0.9357,-0.0273,-0.3518,0,0.0216,0.8572,0.0081,1]},
{"frame":50,"values":[0.3282,0,-0.9446,0,-0.0258,0.9996,-0.0089,0,-0.9443,-0.0273,-0.328,0,0.0218,0.8572,0.0076,1]},
{"frame":51,"values":[0.3042,0,-0.9526,0,-0.026,0.9996,-0.0083,0,-0.9522,-0.0273,-0.3041,0,0.022,0.8572,0.007,1]},
{"frame":52,"values":[0.2801,0,-0.96,0,-0.0262,0.9996,-0.0076,0,-0.9596,-0.0273,-0.28,0,0.0221,0.8572,0.0065,1]},
{"frame":53,"values":[0.2558,0,-0.9667,0,-0.0264,0.9996,-0.007,0,-0.9664,-0.0273,-0.2557,0,0.0223,0.8572,0.0059,1]},
{"frame":54,"values":[0.2313,0,-0.9729,0,-0.0265,0.9996,-0.0063,0,-0.9725,-0.0273,-0.2312,0,0.0224,0.8572,0.0053,1]},
{"frame":55,"values":[0.2067,0,-0.9784,0,-0.0267,0.9996,-0.0056,0,-0.978,-0.0273,-0.2066,0,0.0226,0.8572,0.0048,1]},
{"frame":56,"values":[0.1819,0,-0.9833,0,-0.0268,0.9996,-0.005,0,-0.9829,-0.0273,-0.1819,0,0.0227,0.8572,0.0042,1]},
{"frame":57,"values":[0.1571,0,-0.9876,0,-0.0269,0.9996,-0.0043,0,-0.9872,-0.0273,-0.157,0,0.0228,0.8572,0.0036,1]},
{"frame":58,"values":[0.1321,0,-0.9912,0,-0.027,0.9996,-0.0036,0,-0.9909,-0.0273,-0.132,0,0.0228,0.8572,0.003,1]},
{"frame":59,"values":[0.107,0,-0.9943,0,-0.0271,0.9996,-0.0029,0,-0.9939,-0.0273,-0.107,0,0.0229,0.8572,0.0025,1]},
{"frame":60,"values":[0.0819,0,-0.9966,0,-0.0272,0.9996,-0.0022,0,-0.9963,-0.0273,-0.0819,0,0.023,0.8572,0.0019,1]},
{"frame":61,"values":[0.0567,0,-0.9984,0,-0.0272,0.9996,-0.0015,0,-0.998,-0.0273,-0.0567,0,0.023,0.8572,0.0013,1]},
{"frame":62,"values":[0.0315,0,-0.9995,0,-0.0272,0.9996,-0.0009,0,-0.9991,-0.0273,-0.0315,0,0.023,0.8572,0.0007,1]},
{"frame":63,"values":[0.0063,0,-1,0,-0.0273,0.9996,-0.0002,0,-0.9996,-0.0273,-0.0063,0,0.0231,0.8572,0.0001,1]},
{"frame":64,"values":[-0.0189,0,-0.9998,0,-0.0273,0.9996,0.0005,0,-0.9994,-0.0273,0.0189,0,0.023,0.8572,-0.0004,1]},
{"frame":65,"values":[-0.0441,0,-0.999,0,-0.0272,0.9996,0.0012,0,-0.9987,-0.0273,0.0441,0,0.023,0.8572,-0.001,1]},
{"frame":66,"values":[-0.0693,0,-0.9976,0,-0.0272,0.9996,0.0019,0,-0.9972,-0.0273,0.0693,0,0.023,0.8572,-0.0016,1]},
{"frame":67,"values":[-0.0945,0,-0.9955,0,-0.0271,0.9996,0.0026,0,-0.9952,-0.0273,0.0944,0,0.0229,0.8572,-0.0022,1]},
{"frame":68,"values":[-0.1196,0,-0.9928,0,-0.0271,0.9996,0.0033,0,-0.9925,-0.0273,0.1195,0,0.0229,0.8572,-0.0028,1]},
{"frame":69,"values":[-0.1446,0,-0.9895,0,-0.027,0.9996,0.0039,0,-0.9891,-0.0273,0.1445,0,0.0228,0.8572,-0.0033,1]},
{"frame":70,"values":[-0.1695,0,-0.9855,0,-0.0269,0.9996,0.0046,0,-0.9852,-0.0273,0.1694,0,0.0227,0.8572,-0.0039,1]},
{"frame":71,"values":[-0.1943,0,-0.9809,0,-0.0267,0.9996,0.0053,0,-0.9806,-0.0273,0.1942,0,0.0226,0.8572,-0.0045,1]},
{"frame":72,"values":[-0.219,0,-0.9757,0,-0.0266,0.9996,0.006,0,-0.9754,-0.0273,0.2189,0,0.0225,0.8572,-0.005,1]},
{"frame":73,"values":[-0.2436,0,-0.9699,0,-0.0264,0.9996,0.0066,0,-0.9695,-0.0273,0.2435,0,0.0224,0.8572,-0.0056,1]},
{"frame":74,"values":[-0.2679,0,-0.9634,0,-0.0263,0.9996,0.0073,0,-0.9631,-0.0273,0.2678,0,0.0222,0.8572,-0.0062,1]},
{"frame":75,"values":[-0.2922,0,-0.9564,0,-0.0261,0.9996,0.008,0,-0.956,-0.0273,0.2921,0,0.022,0.8572,-0.0067,1]},
{"frame":76,"values":[-0.3162,0,-0.9487,0,-0.0259,0.9996,0.0086,0,-0.9483,-0.0273,0.3161,0,0.0219,0.8572,-0.0073,1]},
{"frame":77,"values":[-0.34,0,-0.9404,0,-0.0256,0.9996,0.0093,0,-0.9401,-0.0273,0.3399,0,0.0217,0.8572,-0.0078,1]},
{"frame":78,"values":[-0.3637,0,-0.9315,0,-0.0254,0.9996,0.0099,0,-0.9312,-0.0273,0.3635,0,0.0215,0.8572,-0.0084,1]},
{"frame":79,"values":[-0.3871,0,-0.9221,0,-0.0251,0.9996,0.0106,0,-0.9217,-0.0273,0.3869,0,0.0213,0.8572,-0.0089,1]},
{"frame":80,"values":[-0.4102,0,-0.912,0,-0.0249,0.9996,0.0112,0,-0.9117,-0.0273,0.41,0,0.021,0.8572,-0.0095,1]},
{"frame":81,"values":[-0.4331,0,-0.9014,0,-0.0246,0.9996,0.0118,0,-0.901,-0.0273,0.4329,0,0.0208,0.8572,-0.01,1]},
{"frame":82,"values":[-0.4557,0,-0.8901,0,-0.0243,0.9996,0.0124,0,-0.8898,-0.0273,0.4555,0,0.0205,0.8572,-0.0105,1]},
{"frame":83,"values":[-0.478,0,-0.8784,0,-0.0239,0.9996,0.013,0,-0.878,-0.0273,0.4778,0,0.0202,0.8572,-0.011,1]},
{"frame":84,"values":[-0.5,0,-0.866,0,-0.0236,0.9996,0.0136,0,-0.8657,-0.0273,0.4998,0,0.02,0.8572,-0.0115,1]},
{"frame":85,"values":[-0.5217,0,-0.8531,0,-0.0233,0.9996,0.0142,0,-0.8528,-0.0273,0.5215,0,0.0197,0.8572,-0.012,1]},
{"frame":86,"values":[-0.5431,0,-0.8397,0,-0.0229,0.9996,0.0148,0,-0.8394,-0.0273,0.5428,0,0.0194,0.8572,-0.0125,1]},
{"frame":87,"values":[-0.5641,0,-0.8257,0,-0.0225,0.9996,0.0154,0,-0.8254,-0.0273,0.5639,0,0.019,0.8572,-0.013,1]},
{"frame":88,"values":[-0.5847,0,-0.8112,0,-0.0221,0.9996,0.0159,0,-0.8109,-0.0273,0.5845,0,0.0187,0.8572,-0.0135,1]},
{"frame":89,"values":[-0.605,0,-0.7962,0,-0.0217,0.9996,0.0165,0,-0.7959,-0.0273,0.6048,0,0.0184,0.8572,-0.0139,1]},
{"frame":90,"values":[-0.6249,0,-0.7807,0,-0.0213,0.9996,0.017,0,-0.7804,-0.0273,0.6247,0,0.018,0.8572,-0.0144,1]},
{"frame":91,"values":[-0.6444,0,-0.7647,0,-0.0208,0.9996,0.0176,0,-0.7644,-0.0273,0.6442,0,0.0176,0.8572,-0.0149,1]},
{"frame":92,"values":[-0.6635,0,-0.7482,0,-0.0204,0.9996,0.0181,0,-0.7479,-0.0273,0.6632,0,0.0172,0.8572,-0.0153,1]},
{"frame":93,"values":[-0.6822,0,-0.7312,0,-0.0199,0.9996,0.0186,0,-0.7309,-0.0273,0.6819,0,0.0169,0.8572,-0.0157,1]},
{"frame":94,"values":[-0.7004,0,-0.7138,0,-0.0195,0.9996,0.0191,0,-0.7135,-0.0273,0.7001,0,0.0165,0.8572,-0.0161,1]},
{"frame":95,"values":[-0.7182,0,-0.6959,0,-0.019,0.9996,0.0196,0,-0.6956,-0.0273,0.7179,0,0.016,0.8572,-0.0166,1]},
{"frame":96,"values":[-0.7355,0,-0.6775,0,-0.0185,0.9996,0.0201,0,-0.6773,-0.0273,0.7352,0,0.0156,0.8572,-0.017,1]},
{"frame":97,"values":[-0.7524,0,-0.6588,0,-0.018,0.9996,0.0205,0,-0.6585,-0.0273,0.7521,0,0.0152,0.8572,-0.0173,1]},
{"frame":98,"values":[-0.7687,0,-0.6396,0,-0.0174,0.9996,0.021,0,-0.6393,-0.0273,0.7685,0,0.0147,0.8572,-0.0177,1]},
{"frame":99,"values":[-0.7846,0,-0.62,0,-0.0169,0.9996,0.0214,0,-0.6197,-0.0273,0.7843,0,0.0143,0.8572,-0.0181,1]},
{"frame":100,"values":[-0.8,0,-0.6,0,-0.0164,0.9996,0.0218,0,-0.5997,-0.0273,0.7997,0,0.0138,0.8572,-0.0184,1]},
{"frame":101,"values":[-0.8149,0,-0.5796,0,-0.0158,0.9996,0.0222,0,-0.5794,-0.0273,0.8146,0,0.0134,0.8572,-0.0188,1]},
{"frame":102,"values":[-0.8293,0,-0.5588,0,-0.0152,0.9996,0.0226,0,-0.5586,-0.0273,0.829,0,0.0129,0.8572,-0.0191,1]},
{"frame":103,"values":[-0.8431,0,-0.5377,0,-0.0147,0.9996,0.023,0,-0.5375,-0.0273,0.8428,0,0.0124,0.8572,-0.0194,1]},
{"frame":104,"values":[-0.8564,0,-0.5163,0,-0.0141,0.9996,0.0233,0,-0.5161,-0.0273,0.8561,0,0.0119,0.8572,-0.0197,1]},
{"frame":105,"values":[-0.8692,0,-0.4945,0,-0.0135,0.9996,0.0237,0,-0.4943,-0.0273,0.8688,0,0.0114,0.8572,-0.02,1]},
{"frame":106,"values":[-0.8814,0,-0.4724,0,-0.0129,0.9996,0.024,0,-0.4723,-0.0273,0.881,0,0.0109,0.8572,-0.0203,1]},
{"frame":107,"values":[-0.893,0,-0.4501,0,-0.0123,0.9996,0.0243,0,-0.4499,-0.0273,0.8927,0,0.0104,0.8572,-0.0206,1]},
{"frame":108,"values":[-0.9041,0,-0.4274,0,-0.0117,0.9996,0.0246,0,-0.4272,-0.0273,0.9037,0,0.0099,0.8572,-0.0208,1]},
{"frame":109,"values":[-0.9146,0,-0.4044,0,-0.011,0.9996,0.0249,0,-0.4043,-0.0273,0.9142,0,0.0093,0.8572,-0.0211,1]},
{"frame":110,"values":[-0.9245,0,-0.3812,0,-0.0104,0.9996,0.0252,0,-0.3811,-0.0273,0.9241,0,0.0088,0.8572,-0.0213,1]},
{"frame":111,"values":[-0.9338,0,-0.3578,0,-0.0098,0.9996,0.0255,0,-0.3576,-0.0273,0.9335,0,0.0082,0.8572,-0.0215,1]},
{"frame":112,"values":[-0.9425,0,-0.3341,0,-0.0091,0.9996,0.0257,0,-0.334,-0.0273,0.9422,0,0.0077,0.8572,-0.0217,1]},
{"frame":113,"values":[-0.9507,0,-0.3102,0,-0.0085,0.9996,0.0259,0,-0.3101,-0.0273,0.9503,0,0.0072,0.8572,-0.0219,1]},
{"frame":114,"values":[-0.9582,0,-0.2861,0,-0.0078,0.9996,0.0261,0,-0.286,-0.0273,0.9578,0,0.0066,0.8572,-0.0221,1]},
{"frame":115,"values":[-0.9651,0,-0.2619,0,-0.0071,0.9996,0.0263,0,-0.2618,-0.0273,0.9647,0,0.006,0.8572,-0.0222,1]},
{"frame":116,"values":[-0.9714,0,-0.2374,0,-0.0065,0.9996,0.0265,0,-0.2373,-0.0273,0.971,0,0.0055,0.8572,-0.0224,1]},
{"frame":117,"values":[-0.9771,0,-0.2128,0,-0.0058,0.9996,0.0266,0,-0.2128,-0.0273,0.9767,0,0.0049,0.8572,-0.0225,1]},
{"frame":118,"values":[-0.9821,0,-0.1881,0,-0.0051,0.9996,0.0268,0,-0.1881,-0.0273,0.9818,0,0.0043,0.8572,-0.0226,1]},
{"frame":119,"values":[-0.9866,0,-0.1633,0,-0.0045,0.9996,0.0269,0,-0.1632,-0.0273,0.9862,0,0.0038,0.8572,-0.0227,1]},
{"frame":120,"values":[-0.9904,0,-0.1383,0,-0.0038,0.9996,0.027,0,-0.1383,-0.0273,0.99,0,0.0032,0.8572,-0.0228,1]},
{"frame":121,"values":[-0.9936,0,-0.1133,0,-0.0031,0.9996,0.0271,0,-0.1133,-0.0273,0.9932,0,0.0026,0.8572,-0.0229,1]},
{"frame":122,"values":[-0.9961,0,-0.0882,0,-0.0024,0.9996,0.0272,0,-0.0882,-0.0273,0.9957,0,0.002,0.8572,-0.023,1]},
{"frame":123,"values":[-0.998,0,-0.063,0,-0.0017,0.9996,0.0272,0,-0.063,-0.0273,0.9976,0,0.0015,0.8572,-0.023,1]},
{"frame":124,"values":[-0.9993,0,-0.0378,0,-0.001,0.9996,0.0272,0,-0.0378,-0.0273,0.9989,0,0.0009,0.8572,-0.023,1]},
{"frame":125,"values":[-0.9999,0,-0.0126,0,-0.0003,0.9996,0.0273,0,-0.0126,-0.0273,0.9995,0,0.0003,0.8572,-0.023,1]},
{"frame":126,"values":[-0.9999,0,0.0126,0,0.0003,0.9996,0.0273,0,0.0126,-0.0273,0.9995,0,-0.0003,0.8572,-0.023,1]},
{"frame":127,"values":[-0.9993,0,0.0378,0,0.001,0.9996,0.0272,0,0.0378,-0.0273,0.9989,0,-0.0009,0.8572,-0.023,1]},
{"frame":128,"values":[-0.998,0,0.063,0,0.0017,0.9996,0.0272,0,0.063,-0.0273,0.9976,0,-0.0015,0.8572,-0.023,1]},
{"frame":129,"values":[-0.9961,0,0.0882,0,0.0024,0.9996,0.0272,0,0.0882,-0.0273,0.9957,0,-0.002,0.8572,-0.023,1]},
{"frame":130,"values":[-0.9936,0,0.1133,0,0.0031,0.9996,0.0271,0,0.1133,-0.0273,0.9932,0,-0.0026,0.8572,-0.0229,1]},
{"frame":131,"values":[-0.9904,0,0.1383,0,0.0038,0.9996,0.027,0,0.1383,-0.0273,0.99,0,-0.0032,0.8572,-0.0228,1]},
{"frame":132,"values":[-0.9866,0,0.1633,0,0.0045,0.9996,0.0269,0,0.1632,-0.0273,0.9862,0,-0.0038,0.8572,-0.0227,1]},
{"frame":133,"values":[-0.9821,0,0.1881,0,0.0051,0.9996,0.0268,0,0.1881,-0.0273,0.9818,0,-0.0043,0.8572,-0.0226,1]},
{"frame":134,"values":[-0.9771,0,0.2128,0,0.0058,0.9996,0.0266,0,0.2128,-0.0273,0.9767,0,-0.0049,0.8572,-0.0225,1]},
{"frame":135,"values":[-0.9714,0,0.2374,0,0.0065,0.9996,0.0265,0,0.2373,-0.0273,0.971,0,-0.0055,0.8572,-0.0224,1]},
{"frame":136,"values":[-0.9651,0,0.2619,0,0.0071,0.9996,0.0263,0,0.2618,-0.0273,0.9647,0,-0.006,0.8572,-0.0222,1]},
{"frame":137,"values":[-0.9582,0,0.2861,0,0.0078,0.9996,0.0261,0,0.286,-0.0273,0.9578,0,-0.0066,0.8572,-0.0221,1]},
{"frame":138,"values":[-0.9507,0,0.3102,0,0.0085,0.9996,0.0259,0,0.3101,-0.0273,0.9503,0,-0.0072,0.8572,-0.0219,1]},
{"frame":139,"values":[-0.9425,0,0.3341,0,0.0091,0.9996,0.0257,0,0.334,-0.0273,0.9422,0,-0.0077,0.8572,-0.0217,1]},
{"frame":140,"values":[-0.9338,0,0.3578,0,0.0098,0.9996,0.0255,0,0.3576,-0.0273,0.9335,0,-0.0082,0.8572,-0.0215,1]},
{"frame":141,"values":[-0.9245,0,0.3812,0,0.0104,0.9996,0.0252,0,0.3811,-0.0273,0.9241,0,-0.0088,0.8572,-0.0213,1]},
{"frame":142,"values":[-0.9146,0,0.4044,0,0.011,0.9996,0.0249,0,0.4043,-0.0273,0.9142,0,-0.0093,0.8572,-0.0211,1]},
{"frame":143,"values":[-0.9041,0,0.4274,0,0.0117,0.9996,0.0246,0,0.4272,-0.0273,0.9037,0,-0.0099,0.8572,-0.0208,1]},
{"frame":144,"values":[-0.893,0,0.4501,0,0.0123,0.9996,0.0243,0,0.4499,-0.0273,0.8927,0,-0.0104,0.8572,-0.0206,1]},
{"frame":145,"values":[-0.8814,0,0.4724,0,0.0129,0.9996,0.024,0,0.4723,-0.0273,0.881,0,-0.0109,0.8572,-0.0203,1]},
{"frame":146,"values":[-0.8692,0,0.4945,0,0.0135,0.9996,0.0237,0,0.4943,-0.0273,0.8688,0,-0.0114,0.8572,-0.02,1]},
{"frame":147,"values":[-0.8564,0,0.5163,0,0.0141,0.9996,0.0233,0,0.5161,-0.0273,0.8561,0,-0.0119,0.8572,-0.0197,1]},
{"frame":148,"values":[-0.8431,0,0.5377,0,0.0147,0.9996,0.023,0,0.5375,-0.0273,0.8428,0,-0.0124,0.8572,-0.0194,1]},
{"frame":149,"values":[-0.8293,0,0.5588,0,0.0152,0.9996,0.0226,0,0.5586,-0.0273,0.829,0,-0.0129,0.8572,-0.0191,1]},
{"frame":150,"values":[-0.8149,0,0.5796,0,0.0158,0.9996,0.0222,0,0.5794,-0.0273,0.8146,0,-0.0134,0.8572,-0.0188,1]},
{"frame":151,"values":[-0.8,0,0.6,0,0.0164,0.9996,0.0218,0,0.5997,-0.0273,0.7997,0,-0.0138,0.8572,-0.0184,1]},
{"frame":152,"values":[-0.7846,0,0.62,0,0.0169,0.9996,0.0214,0,0.6197,-0.0273,0.7843,0,-0.0143,0.8572,-0.0181,1]},
{"frame":153,"values":[-0.7687,0,0.6396,0,0.0174,0.9996,0.021,0,0.6393,-0.0273,0.7685,0,-0.0147,0.8572,-0.0177,1]},
{"frame":154,"values":[-0.7524,0,0.6588,0,0.018,0.9996,0.0205,0,0.6585,-0.0273,0.7521,0,-0.0152,0.8572,-0.0173,1]},
{"frame":155,"values":[-0.7355,0,0.6775,0,0.0185,0.9996,0.0201,0,0.6773,-0.0273,0.7352,0,-0.0156,0.8572,-0.017,1]},
{"frame":156,"values":[-0.7182,0,0.6959,0,0.019,0.9996,0.0196,0,0.6956,-0.0273,0.7179,0,-0.016,0.8572,-0.0166,1]},
{"frame":157,"values":[-0.7004,0,0.7138,0,0.0195,0.9996,0.0191,0,0.7135,-0.0273,0.7001,0,-0.0165,0.8572,-0.0161,1]},
{"frame":158,"values":[-0.6822,0,0.7312,0,0.0199,0.9996,0.0186,0,0.7309,-0.0273,0.6819,0,-0.0169,0.8572,-0.0157,1]},
{"frame":159,"values":[-0.6635,0,0.7482,0,0.0204,0.9996,0.0181,0,0.7479,-0.0273,0.6632,0,-0.0172,0.8572,-0.0153,1]},
{"frame":160,"values":[-0.6444,0,0.7647,0,0.0208,0.9996,0.0176,0,0.7644,-0.0273,0.6442,0,-0.0176,0.8572,-0.0149,1]},
{"frame":161,"values":[-0.6249,0,0.7807,0,0.0213,0.9996,0.017,0,0.7804,-0.0273,0.6247,0,-0.018,0.8572,-0.0144,1]},
{"frame":162,"values":[-0.605,0,0.7962,0,0.0217,0.9996,0.0165,0,0.7959,-0.0273,0.6048,0,-0.0184,0.8572,-0.0139,1]},
{"frame":163,"values":[-0.5847,0,0.8112,0,0.0221,0.9996,0.0159,0,0.8109,-0.0273,0.5845,0,-0.0187,0.8572,-0.0135,1]},
{"frame":164,"values":[-0.5641,0,0.8257,0,0.0225,0.9996,0.0154,0,0.8254,-0.0273,0.5639,0,-0.019,0.8572,-0.013,1]},
{"frame":165,"values":[-0.5431,0,0.8397,0,0.0229,0.9996,0.0148,0,0.8394,-0.0273,0.5428,0,-0.0194,0.8572,-0.0125,1]},
{"frame":166,"values":[-0.5217,0,0.8531,0,0.0233,0.9996,0.0142,0,0.8528,-0.0273,0.5215,0,-0.0197,0.8572,-0.012,1]},
{"frame":167,"values":[-0.5,0,0.866,0,0.0236,0.9996,0.0136,0,0.8657,-0.0273,0.4998,0,-0.02,0.8572,-0.0115,1]},
{"frame":168,"values":[-0.478,0,0.8784,0,0.0239,0.9996,0.013,0,0.878,-0.0273,0.4778,0,-0.0202,0.8572,-0.011,1]},
{"frame":169,"values":[-0.4557,0,0.8901,0,0.0243,0.9996,0.0124,0,0.8898,-0.0273,0.4555,0,-0.0205,0.8572,-0.0105,1]},
{"frame":170,"values":[-0.4331,0,0.9014,0,0.0246,0.9996,0.0118,0,0.901,-0.0273,0.4329,0,-0.0208,0.8572,-0.01,1]},
{"frame":171,"values":[-0.4102,0,0.912,0,0.0249,0.9996,0.0112,0,0.9117,-0.0273,0.41,0,-0.021,0.8572,-0.0095,1]},
{"frame":172,"values":[-0.3871,0,0.9221,0,0.0251,0.9996,0.0106,0,0.9217,-0.0273,0.3869,0,-0.0213,0.8572,-0.0089,1]},
{"frame":173,"values":[-0.3637,0,0.9315,0,0.0254,0.9996,0.0099,0,0.9312,-0.0273,0.3635,0,-0.0215,0.8572,-0.0084,1]},
{"frame":174,"values":[-0.34,0,0.9404,0,0.0256,0.9996,0.0093,0,0.9401,-0.0273,0.3399,0,-0.0217,0.8572,-0.0078,1]},
{"frame":175,"values":[-0.3162,0,0.9487,0,0.0259,0.9996,0.0086,0,0.9483,-0.0273,0.3161,0,-0.0219,0.8572,-0.0073,1]},
{"frame":176,"values":[-0.2922,0,0.9564,0,0.0261,0.9996,0.008,0,0.956,-0.0273,0.2921,0,-0.022,0.8572,-0.0067,1]},
{"frame":177,"values":[-0.2679,0,0.9634,0,0.0263,0.9996,0.0073,0,0.9631,-0.0273,0.2678,0,-0.0222,0.8572,-0.0062,1]},
{"frame":178,"values":[-0.2436,0,0.9699,0,0.0264,0.9996,0.0066,0,0.9695,-0.0273,0.2435,0,-0.0224,0.8572,-0.0056,1]},
{"frame":179,"values":[-0.219,0,0.9757,0,0.0266,0.9996,0.006,0,0.9754,-0.0273,0.2189,0,-0.0225,0.8572,-0.005,1]},
{"frame":180,"values":[-0.1943,0,0.9809,0,0.0267,0.9996,0.0053,0,0.9806,-0.0273,0.1942,0,-0.0226,0.8572,-0.0045,1]},
{"frame":181,"values":[-0.1695,0,0.9855,0,0.0269,0.9996,0.0046,0,0.9852,-0.0273,0.1694,0,-0.0227,0.8572,-0.0039,1]},
{"frame":182,"values":[-0.1446,0,0.9895,0,0.027,0.9996,0.0039,0,0.9891,-0.0273,0.1445,0,-0.0228,0.8572,-0.0033,1]},
{"frame":183,"values":[-0.1196,0,0.9928,0,0.0271,0.9996,0.0033,0,0.9925,-0.0273,0.1195,0,-0.0229,0.8572,-0.0028,1]},
{"frame":184,"values":[-0.0945,0,0.9955,0,0.0271,0.9996,0.0026,0,0.9952,-0.0273,0.0944,0,-0.0229,0.8572,-0.0022,1]},
{"frame":185,"values":[-0.0693,0,0.9976,0,0.0272,0.9996,0.0019,0,0.9972,-0.0273,0.0693,0,-0.023,0.8572,-0.0016,1]},
{"frame":186,"values":[-0.0441,0,0.999,0,0.0272,0.9996,0.0012,0,0.9987,-0.0273,0.0441,0,-0.023,0.8572,-0.001,1]},
{"frame":187,"values":[-0.0189,0,0.9998,0,0.0273,0.9996,0.0005,0,0.9994,-0.0273,0.0189,0,-0.023,0.8572,-0.0004,1]},
{"frame":188,"values":[0.0063,0,1,0,0.0273,0.9996,-0.0002,0,0.9996,-0.0273,-0.0063,0,-0.0231,0.8572,0.0001,1]},
{"frame":189,"values":[0.0315,0,0.9995,0,0.0272,0.9996,-0.0009,0,0.9991,-0.0273,-0.0315,0,-0.023,0.8572,0.0007,1]},
{"frame":190,"values":[0.0567,0,0.9984,0,0.0272,0.9996,-0.0015,0,0.998,-0.0273,-0.0567,0,-0.023,0.8572,0.0013,1]},
{"frame":191,"values":[0.0819,0,0.9966,0,0.0272,0.9996,-0.0022,0,0.9963,-0.0273,-0.0819,0,-0.023,0.8572,0.0019,1]},
{"frame":192,"values":[0.107,0,0.9943,0,0.0271,0.9996,-0.0029,0,0.9939,-0.0273,-0.107,0,-0.0229,0.8572,0.0025,1]},
{"frame":193,"values":[0.1321,0,0.9912,0,0.027,0.9996,-0.0036,0,0.9909,-0.0273,-0.132,0,-0.0228,0.8572,0.003,1]},
{"frame":194,"values":[0.1571,0,0.9876,0,0.0269,0.9996,-0.0043,0,0.9872,-0.0273,-0.157,0,-0.0228,0.8572,0.0036,1]},
{"frame":195,"values":[0.1819,0,0.9833,0,0.0268,0.9996,-0.005,0,0.9829,-0.0273,-0.1819,0,-0.0227,0.8572,0.0042,1]},
{"frame":196,"values":[0.2067,0,0.9784,0,0.0267,0.9996,-0.0056,0,0.978,-0.0273,-0.2066,0,-0.0226,0.8572,0.0048,1]},
{"frame":197,"values":[0.2313,0,0.9729,0,0.0265,0.9996,-0.0063,0,0.9725,-0.0273,-0.2312,0,-0.0224,0.8572,0.0053,1]},
{"frame":198,"values":[0.2558,0,0.9667,0,0.0264,0.9996,-0.007,0,0.9664,-0.0273,-0.2557,0,-0.0223,0.8572,0.0059,1]},
{"frame":199,"values":[0.2801,0,0.96,0,0.0262,0.9996,-0.0076,0,0.9596,-0.0273,-0.28,0,-0.0221,0.8572,0.0065,1]},
{"frame":200,"values":[0.3042,0,0.9526,0,0.026,0.9996,-0.0083,0,0.9522,-0.0273,-0.3041,0,-0.022,0.8572,0.007,1]},
{"frame":201,"values":[0.3282,0,0.9446,0,0.0258,0.9996,-0.0089,0,0.9443,-0.0273,-0.328,0,-0.0218,0.8572,0.0076,1]},
{"frame":202,"values":[0.3519,0,0.936,0,0.0255,0.9996,-0.0096,0,0.9357,-0.0273,-0.3518,0,-0.0216,0.8572,0.0081,1]},
{"frame":203,"values":[0.3754,0,0.9269,0,0.0253,0.9996,-0.0102,0,0.9265,-0.0273,-0.3752,0,-0.0214,0.8572,0.0087,1]},
{"frame":204,"values":[0.3987,0,0.9171,0,0.025,0.9996,-0.0109,0,0.9168,-0.0273,-0.3985,0,-0.0211,0.8572,0.0092,1]},
{"frame":205,"values":[0.4217,0,0.9068,0,0.0247,0.9996,-0.0115,0,0.9064,-0.0273,-0.4215,0,-0.0209,0.8572,0.0097,1]},
{"frame":206,"values":[0.4444,0,0.8958,0,0.0244,0.9996,-0.0121,0,0.8955,-0.0273,-0.4442,0,-0.0207,0.8572,0.0102,1]},
{"frame":207,"values":[0.4669,0,0.8843,0,0.0241,0.9996,-0.0127,0,0.884,-0.0273,-0.4667,0,-0.0204,0.8572,0.0108,1]},
{"frame":208,"values":[0.489,0,0.8723,0,0.0238,0.9996,-0.0133,0,0.8719,-0.0273,-0.4889,0,-0.0201,0.8572,0.0113,1]},
{"frame":209,"values":[0.5109,0,0.8596,0,0.0234,0.9996,-0.0139,0,0.8593,-0.0273,-0.5107,0,-0.0198,0.8572,0.0118,1]},
{"frame":210,"values":[0.5324,0,0.8465,0,0.0231,0.9996,-0.0145,0,0.8462,-0.0273,-0.5322,0,-0.0195,0.8572,0.0123,1]},
{"frame":211,"values":[0.5536,0,0.8328,0,0.0227,0.9996,-0.0151,0,0.8325,-0.0273,-0.5534,0,-0.0192,0.8572,0.0128,1]},
{"frame":212,"values":[0.5744,0,0.8185,0,0.0223,0.9996,-0.0157,0,0.8182,-0.0273,-0.5742,0,-0.0189,0.8572,0.0132,1]},
{"frame":213,"values":[0.5949,0,0.8038,0,0.0219,0.9996,-0.0162,0,0.8035,-0.0273,-0.5947,0,-0.0185,0.8572,0.0137,1]},
{"frame":214,"values":[0.615,0,0.7885,0,0.0215,0.9996,-0.0168,0,0.7882,-0.0273,-0.6148,0,-0.0182,0.8572,0.0142,1]},
{"frame":215,"values":[0.6347,0,0.7728,0,0.0211,0.9996,-0.0173,0,0.7725,-0.0273,-0.6345,0,-0.0178,0.8572,0.0146,1]},
{"frame":216,"values":[0.654,0,0.7565,0,0.0206,0.9996,-0.0178,0,0.7562,-0.0273,-0.6538,0,-0.0174,0.8572,0.0151,1]},
{"frame":217,"values":[0.6729,0,0.7398,0,0.0202,0.9996,-0.0183,0,0.7395,-0.0273,-0.6726,0,-0.0171,0.8572,0.0155,1]},
{"frame":218,"values":[0.6913,0,0.7225,0,0.0197,0.9996,-0.0188,0,0.7223,-0.0273,-0.6911,0,-0.0167,0.8572,0.0159,1]},
{"frame":219,"values":[0.7093,0,0.7049,0,0.0192,0.9996,-0.0193,0,0.7046,-0.0273,-0.7091,0,-0.0162,0.8572,0.0164,1]},
{"frame":220,"values":[0.7269,0,0.6868,0,0.0187,0.9996,-0.0198,0,0.6865,-0.0273,-0.7266,0,-0.0158,0.8572,0.0168,1]},
{"frame":221,"values":[0.744,0,0.6682,0,0.0182,0.9996,-0.0203,0,0.6679,-0.0273,-0.7437,0,-0.0154,0.8572,0.0172,1]},
{"frame":222,"values":[0.7606,0,0.6492,0,0.0177,0.9996,-0.0207,0,0.649,-0.0273,-0.7603,0,-0.015,0.8572,0.0175,1]},
{"frame":223,"values":[0.7767,0,0.6298,0,0.0172,0.9996,-0.0212,0,0.6296,-0.0273,-0.7765,0,-0.0145,0.8572,0.0179,1]},
{"frame":224,"values":[0.7924,0,0.61,0,0.0166,0.9996,-0.0216,0,0.6098,-0.0273,-0.7921,0,-0.0141,0.8572,0.0183,1]},
{"frame":225,"values":[0.8075,0,0.5898,0,0.0161,0.9996,-0.022,0,0.5896,-0.0273,-0.8072,0,-0.0136,0.8572,0.0186,1]},
{"frame":226,"values":[0.8222,0,0.5693,0,0.0155,0.9996,-0.0224,0,0.5691,-0.0273,-0.8219,0,-0.0131,0.8572,0.019,1]},
{"frame":227,"values":[0.8363,0,0.5483,0,0.0149,0.9996,-0.0228,0,0.5481,-0.0273,-0.8359,0,-0.0126,0.8572,0.0193,1]},
{"frame":228,"values":[0.8498,0,0.5271,0,0.0144,0.9996,-0.0232,0,0.5269,-0.0273,-0.8495,0,-0.0121,0.8572,0.0196,1]},
{"frame":229,"values":[0.8629,0,0.5055,0,0.0138,0.9996,-0.0235,0,0.5053,-0.0273,-0.8625,0,-0.0117,0.8572,0.0199,1]},
{"frame":230,"values":[0.8753,0,0.4835,0,0.0132,0.9996,-0.0239,0,0.4833,-0.0273,-0.875,0,-0.0111,0.8572,0.0202,1]},
{"frame":231,"values":[0.8873,0,0.4613,0,0.0126,0.9996,-0.0242,0,0.4611,-0.0273,-0.8869,0,-0.0106,0.8572,0.0205,1]},
{"frame":232,"values":[0.8986,0,0.4387,0,0.012,0.9996,-0.0245,0,0.4386,-0.0273,-0.8983,0,-0.0101,0.8572,0.0207,1]},
{"frame":233,"values":[0.9094,0,0.4159,0,0.0113,0.9996,-0.0248,0,0.4158,-0.0273,-0.9091,0,-0.0096,0.8572,0.021,1]},
{"frame":234,"values":[0.9196,0,0.3929,0,0.0107,0.9996,-0.0251,0,0.3927,-0.0273,-0.9193,0,-0.0091,0.8572,0.0212,1]},
{"frame":235,"values":[0.9292,0,0.3695,0,0.0101,0.9996,-0.0253,0,0.3694,-0.0273,-0.9289,0,-0.0085,0.8572,0.0214,1]},
{"frame":236,"values":[0.9382,0,0.346,0,0.0094,0.9996,-0.0256,0,0.3458,-0.0273,-0.9379,0,-0.008,0.8572,0.0216,1]},
{"frame":237,"values":[0.9467,0,0.3222,0,0.0088,0.9996,-0.0258,0,0.3221,-0.0273,-0.9463,0,-0.0074,0.8572,0.0218,1]},
{"frame":238,"values":[0.9545,0,0.2982,0,0.0081,0.9996,-0.026,0,0.2981,-0.0273,-0.9541,0,-0.0069,0.8572,0.022,1]},
{"frame":239,"values":[0.9617,0,0.274,0,0.0075,0.9996,-0.0262,0,0.2739,-0.0273,-0.9614,0,-0.0063,0.8572,0.0222,1]},
{"frame":240,"values":[0.9683,0,0.2497,0,0.0068,0.9996,-0.0264,0,0.2496,-0.0273,-0.968,0,-0.0058,0.8572,0.0223,1]},
{"frame":241,"values":[0.9743,0,0.2252,0,0.0061,0.9996,-0.0266,0,0.2251,-0.0273,-0.974,0,-0.0052,0.8572,0.0225,1]},
{"frame":242,"values":[0.9797,0,0.2005,0,0.0055,0.9996,-0.0267,0,0.2004,-0.0273,-0.9793,0,-0.0046,0.8572,0.0226,1]},
{"frame":243,"values":[0.9844,0,0.1757,0,0.0048,0.9996,-0.0268,0,0.1757,-0.0273,-0.9841,0,-0.0041,0.8572,0.0227,1]},
{"frame":244,"values":[0.9886,0,0.1508,0,0.0041,0.9996,-0.027,0,0.1508,-0.0273,-0.9882,0,-0.0035,0.8572,0.0228,1]},
{"frame":245,"values":[0.9921,0,0.1258,0,0.0034,0.9996,-0.027,0,0.1258,-0.0273,-0.9917,0,-0.0029,0.8572,0.0229,1]},
{"frame":246,"values":[0.9949,0,0.1008,0,0.0027,0.9996,-0.0271,0,0.1007,-0.0273,-0.9945,0,-0.0023,0.8572,0.0229,1]},
{"frame":247,"values":[0.9971,0,0.0756,0,0.0021,0.9996,-0.0272,0,0.0756,-0.0273,-0.9968,0,-0.0017,0.8572,0.023,1]},
{"frame":248,"values":[0.9987,0,0.0504,0,0.0014,0.9996,-0.0272,0,0.0504,-0.0273,-0.9984,0,-0.0012,0.8572,0.023,1]},
{"frame":249,"values":[0.9997,0,0.0252,0,0.0007,0.9996,-0.0273,0,0.0252,-0.0273,-0.9993,0,-0.0006,0.8572,0.023,1]},
{"frame":250,"values":[1,0,0,0,0,0.9996,-0.0273,0,0,-0.0273,-0.9996,0,0,0.8572,0.0231,1]},
{"frame":260,"values":[1,0,0,0,0,0.9996,-0.0273,0,0,-0.0273,-0.9996,0,0,0.8572,0.0231,1]},
{"frame":290,"values":[1,0,0,0,0,0.9996,-0.0273,0,0,-0.0273,-0.9996,0,0,0.8572,0.0231,1]}]}},
{"name":"spine.001","index":1,"matrix":[1,0,0,0,0,0.9165,0.4001,0,0,-0.4001,0.9165,0,0,0.1639,0,1],"rest":[1,0,0,0,0,0.9165,0.4001,0,0,-0.4001,0.9165,0,0,0.1639,0,1],"parentBoneIndex":0,"length":0.1851
,"animation":
{"name":"anim","property":"_matrix","dataType":3,"framePerSecond":24,"loopBehavior":1,"keys":[
{"frame":1,"values":[1,0,0,0,0,0.9165,0.4001,0,0,-0.4001,0.9165,0,0,0.1639,0,1]},
{"frame":250,"values":[1,0,0,0,0,0.9165,0.4001,0,0,-0.4001,0.9165,0,0,0.1639,0,1]},
{"frame":260,"values":[1,0,0,0,0,0.9165,0.4001,0,0,-0.4001,0.9165,0,0,0.1639,0,1]},
{"frame":290,"values":[1,0,0,0,0,0.9165,0.4001,0,0,-0.4001,0.9165,0,0,0.1639,0,1]}]}},
{"name":"spine.002","index":2,"matrix":[0.9997,0.0236,-0.0111,0,-0.026,0.8909,-0.4534,0,-0.0008,0.4535,0.8912,0,0,0.1851,0,1],"rest":[1,0,0,0,0,0.8912,-0.4535,0,0,0.4535,0.8912,0,0,0.1851,0,1],"parentBoneIndex":1,"length":0.2163
,"animation":
{"name":"anim","property":"_matrix","dataType":3,"framePerSecond":24,"loopBehavior":1,"keys":[
{"frame":1,"values":[0.9997,0.0236,-0.0111,0,-0.026,0.8909,-0.4534,0,-0.0008,0.4535,0.8912,0,0,0.1851,0,1]},
{"frame":250,"values":[0.9997,0.0236,-0.0111,0,-0.026,0.8909,-0.4534,0,-0.0008,0.4535,0.8912,0,0,0.1851,0,1]},
{"frame":260,"values":[0.9981,0.0557,-0.0262,0,-0.0616,0.8895,-0.4527,0,-0.002,0.4535,0.8913,0,0,0.1851,0,1]},
{"frame":261,"values":[0.9983,0.0534,-0.0251,0,-0.059,0.8897,-0.4528,0,-0.0019,0.4535,0.8913,0,0,0.1851,0,1]},
{"frame":262,"values":[0.9987,0.0468,-0.022,0,-0.0517,0.89,-0.453,0,-0.0016,0.4535,0.8913,0,0,0.1851,0,1]},
{"frame":263,"values":[0.9992,0.0367,-0.0172,0,-0.0405,0.8905,-0.4532,0,-0.0013,0.4535,0.8913,0,0,0.1851,0,1]},
{"frame":264,"values":[0.9997,0.0236,-0.0111,0,-0.026,0.8909,-0.4534,0,-0.0008,0.4535,0.8912,0,0,0.1851,0,1]},
{"frame":265,"values":[1,0.0082,-0.0038,0,-0.009,0.8912,-0.4535,0,-0.0003,0.4535,0.8912,0,0,0.1851,0,1]},
{"frame":266,"values":[1,-0.0089,0.0042,0,0.0098,0.8912,-0.4535,0,0.0003,0.4535,0.8912,0,0,0.1851,0,1]},
{"frame":267,"values":[0.9996,-0.0269,0.0126,0,0.0297,0.8908,-0.4533,0,0.0009,0.4535,0.8912,0,0,0.1851,0,1]},
{"frame":268,"values":[0.9987,-0.0453,0.0212,0,0.05,0.8901,-0.453,0,0.0016,0.4535,0.8913,0,0,0.1851,0,1]},
{"frame":269,"values":[0.9976,-0.0633,0.0297,0,0.0699,0.889,-0.4525,0,0.0022,0.4535,0.8913,0,0,0.1851,0,1]},
{"frame":270,"values":[0.9961,-0.0803,0.0377,0,0.0886,0.8877,-0.4519,0,0.0028,0.4534,0.8913,0,0,0.1851,0,1]},
{"frame":271,"values":[0.9944,-0.0956,0.0449,0,0.1056,0.8862,-0.4512,0,0.0034,0.4534,0.8913,0,0,0.1851,0,1]},
{"frame":272,"values":[0.9928,-0.1086,0.051,0,0.1199,0.8847,-0.4505,0,0.0038,0.4533,0.8913,0,0,0.1851,0,1]},
{"frame":273,"values":[0.9914,-0.1187,0.0557,0,0.1311,0.8834,-0.4499,0,0.0042,0.4533,0.8914,0,0,0.1851,0,1]},
{"frame":274,"values":[0.9904,-0.1252,0.0588,0,0.1383,0.8825,-0.4494,0,0.0044,0.4532,0.8914,0,0,0.1851,0,1]},
{"frame":275,"values":[0.99,-0.1276,0.0599,0,0.1408,0.8822,-0.4493,0,0.0045,0.4532,0.8914,0,0,0.1851,0,1]},
{"frame":276,"values":[0.9904,-0.1252,0.0588,0,0.1383,0.8825,-0.4494,0,0.0044,0.4532,0.8914,0,0,0.1851,0,1]},
{"frame":277,"values":[0.9914,-0.1187,0.0557,0,0.1311,0.8834,-0.4499,0,0.0042,0.4533,0.8914,0,0,0.1851,0,1]},
{"frame":278,"values":[0.9928,-0.1086,0.051,0,0.1199,0.8847,-0.4505,0,0.0038,0.4533,0.8913,0,0,0.1851,0,1]},
{"frame":279,"values":[0.9944,-0.0956,0.0449,0,0.1056,0.8862,-0.4512,0,0.0034,0.4534,0.8913,0,0,0.1851,0,1]},
{"frame":280,"values":[0.9961,-0.0803,0.0377,0,0.0886,0.8877,-0.4519,0,0.0028,0.4534,0.8913,0,0,0.1851,0,1]},
{"frame":281,"values":[0.9976,-0.0633,0.0297,0,0.0699,0.889,-0.4525,0,0.0022,0.4535,0.8913,0,0,0.1851,0,1]},
{"frame":282,"values":[0.9987,-0.0453,0.0212,0,0.05,0.8901,-0.453,0,0.0016,0.4535,0.8913,0,0,0.1851,0,1]},
{"frame":283,"values":[0.9996,-0.0269,0.0126,0,0.0297,0.8908,-0.4533,0,0.0009,0.4535,0.8912,0,0,0.1851,0,1]},
{"frame":284,"values":[1,-0.0089,0.0042,0,0.0098,0.8912,-0.4535,0,0.0003,0.4535,0.8912,0,0,0.1851,0,1]},
{"frame":285,"values":[1,0.0082,-0.0038,0,-0.009,0.8912,-0.4535,0,-0.0003,0.4535,0.8912,0,0,0.1851,0,1]},
{"frame":286,"values":[0.9997,0.0236,-0.0111,0,-0.026,0.8909,-0.4534,0,-0.0008,0.4535,0.8912,0,0,0.1851,0,1]},
{"frame":287,"values":[0.9992,0.0367,-0.0172,0,-0.0405,0.8905,-0.4532,0,-0.0013,0.4535,0.8913,0,0,0.1851,0,1]},
{"frame":288,"values":[0.9987,0.0468,-0.022,0,-0.0517,0.89,-0.453,0,-0.0016,0.4535,0.8913,0,0,0.1851,0,1]},
{"frame":289,"values":[0.9983,0.0534,-0.0251,0,-0.059,0.8897,-0.4528,0,-0.0019,0.4535,0.8913,0,0,0.1851,0,1]},
{"frame":290,"values":[0.9981,0.0557,-0.0262,0,-0.0616,0.8895,-0.4527,0,-0.002,0.4535,0.8913,0,0,0.1851,0,1]}]}},
{"name":"spine.003","index":3,"matrix":[0.9997,0.026,0.0008,0,-0.0249,0.9635,-0.2667,0,-0.0077,0.2666,0.9638,0,0,0.2163,0,1],"rest":[1,0,0,0,0,0.9638,-0.2667,0,0,0.2667,0.9638,0,0,0.2163,0,1],"parentBoneIndex":2,"length":0.2171
,"animation":
{"name":"anim","property":"_matrix","dataType":3,"framePerSecond":24,"loopBehavior":1,"keys":[
{"frame":1,"values":[0.9997,0.026,0.0008,0,-0.0249,0.9635,-0.2667,0,-0.0077,0.2666,0.9638,0,0,0.2163,0,1]},
{"frame":250,"values":[0.9997,0.026,0.0008,0,-0.0249,0.9635,-0.2667,0,-0.0077,0.2666,0.9638,0,0,0.2163,0,1]},
{"frame":260,"values":[0.9981,0.0616,0.002,0,-0.0588,0.962,-0.2668,0,-0.0183,0.2661,0.9638,0,0,0.2163,0,1]},
{"frame":261,"values":[0.9983,0.059,0.0019,0,-0.0563,0.9621,-0.2668,0,-0.0175,0.2662,0.9638,0,0,0.2163,0,1]},
{"frame":262,"values":[0.9987,0.0517,0.0016,0,-0.0494,0.9625,-0.2667,0,-0.0154,0.2663,0.9638,0,0,0.2163,0,1]},
{"frame":263,"values":[0.9992,0.0405,0.0013,0,-0.0387,0.963,-0.2667,0,-0.012,0.2665,0.9638,0,0,0.2163,0,1]},
{"frame":264,"values":[0.9997,0.026,0.0008,0,-0.0249,0.9635,-0.2667,0,-0.0077,0.2666,0.9638,0,0,0.2163,0,1]},
{"frame":265,"values":[1,0.009,0.0003,0,-0.0086,0.9637,-0.2667,0,-0.0027,0.2667,0.9638,0,0,0.2163,0,1]},
{"frame":266,"values":[1,-0.0098,-0.0003,0,0.0094,0.9637,-0.2667,0,0.0029,0.2667,0.9638,0,0,0.2163,0,1]},
{"frame":267,"values":[0.9996,-0.0297,-0.0009,0,0.0284,0.9634,-0.2667,0,0.0088,0.2666,0.9638,0,0,0.2163,0,1]},
{"frame":268,"values":[0.9987,-0.05,-0.0016,0,0.0477,0.9626,-0.2667,0,0.0149,0.2663,0.9638,0,0,0.2163,0,1]},
{"frame":269,"values":[0.9976,-0.0699,-0.0022,0,0.0667,0.9614,-0.2668,0,0.0208,0.266,0.9638,0,0,0.2163,0,1]},
{"frame":270,"values":[0.9961,-0.0886,-0.0028,0,0.0847,0.96,-0.2668,0,0.0264,0.2655,0.9637,0,0,0.2163,0,1]},
{"frame":271,"values":[0.9944,-0.1056,-0.0034,0,0.1008,0.9584,-0.2669,0,0.0314,0.265,0.9637,0,0,0.2163,0,1]},
{"frame":272,"values":[0.9928,-0.1199,-0.0038,0,0.1146,0.9569,-0.2669,0,0.0357,0.2646,0.9637,0,0,0.2163,0,1]},
{"frame":273,"values":[0.9914,-0.1311,-0.0042,0,0.1252,0.9555,-0.267,0,0.039,0.2641,0.9637,0,0,0.2163,0,1]},
{"frame":274,"values":[0.9904,-0.1383,-0.0044,0,0.1321,0.9546,-0.267,0,0.0411,0.2638,0.9637,0,0,0.2163,0,1]},
{"frame":275,"values":[0.99,-0.1408,-0.0045,0,0.1345,0.9543,-0.267,0,0.0419,0.2637,0.9637,0,0,0.2163,0,1]},
{"frame":276,"values":[0.9904,-0.1383,-0.0044,0,0.1321,0.9546,-0.267,0,0.0411,0.2638,0.9637,0,0,0.2163,0,1]},
{"frame":277,"values":[0.9914,-0.1311,-0.0042,0,0.1252,0.9555,-0.267,0,0.039,0.2641,0.9637,0,0,0.2163,0,1]},
{"frame":278,"values":[0.9928,-0.1199,-0.0038,0,0.1146,0.9569,-0.2669,0,0.0357,0.2646,0.9637,0,0,0.2163,0,1]},
{"frame":279,"values":[0.9944,-0.1056,-0.0034,0,0.1008,0.9584,-0.2669,0,0.0314,0.265,0.9637,0,0,0.2163,0,1]},
{"frame":280,"values":[0.9961,-0.0886,-0.0028,0,0.0847,0.96,-0.2668,0,0.0264,0.2655,0.9637,0,0,0.2163,0,1]},
{"frame":281,"values":[0.9976,-0.0699,-0.0022,0,0.0667,0.9614,-0.2668,0,0.0208,0.266,0.9638,0,0,0.2163,0,1]},
{"frame":282,"values":[0.9987,-0.05,-0.0016,0,0.0477,0.9626,-0.2667,0,0.0149,0.2663,0.9638,0,0,0.2163,0,1]},
{"frame":283,"values":[0.9996,-0.0297,-0.0009,0,0.0284,0.9634,-0.2667,0,0.0088,0.2666,0.9638,0,0,0.2163,0,1]},
{"frame":284,"values":[1,-0.0098,-0.0003,0,0.0094,0.9637,-0.2667,0,0.0029,0.2667,0.9638,0,0,0.2163,0,1]},
{"frame":285,"values":[1,0.009,0.0003,0,-0.0086,0.9637,-0.2667,0,-0.0027,0.2667,0.9638,0,0,0.2163,0,1]},
{"frame":286,"values":[0.9997,0.026,0.0008,0,-0.0249,0.9635,-0.2667,0,-0.0077,0.2666,0.9638,0,0,0.2163,0,1]},
{"frame":287,"values":[0.9992,0.0405,0.0013,0,-0.0387,0.963,-0.2667,0,-0.012,0.2665,0.9638,0,0,0.2163,0,1]},
{"frame":288,"values":[0.9987,0.0517,0.0016,0,-0.0494,0.9625,-0.2667,0,-0.0154,0.2663,0.9638,0,0,0.2163,0,1]},
{"frame":289,"values":[0.9983,0.059,0.0019,0,-0.0563,0.9621,-0.2668,0,-0.0175,0.2662,0.9638,0,0,0.2163,0,1]},
{"frame":290,"values":[0.9981,0.0616,0.002,0,-0.0588,0.962,-0.2668,0,-0.0183,0.2661,0.9638,0,0,0.2163,0,1]}]}},
{"name":"spine.004","index":4,"matrix":[1,0,0,0,0,0.7779,0.6284,0,0,-0.6284,0.7779,0,0,0.2171,0,1],"rest":[1,0,0,0,0,0.7779,0.6284,0,0,-0.6284,0.7779,0,0,0.2171,0,1],"parentBoneIndex":3,"length":0.0657
,"animation":
{"name":"anim","property":"_matrix","dataType":3,"framePerSecond":24,"loopBehavior":1,"keys":[
{"frame":1,"values":[1,0,0,0,0,0.7779,0.6284,0,0,-0.6284,0.7779,0,0,0.2171,0,1]},
{"frame":250,"values":[1,0,0,0,0,0.7779,0.6284,0,0,-0.6284,0.7779,0,0,0.2171,0,1]},
{"frame":260,"values":[1,0,0,0,0,0.7779,0.6284,0,0,-0.6284,0.7779,0,0,0.2171,0,1]},
{"frame":290,"values":[1,0,0,0,0,0.7779,0.6284,0,0,-0.6284,0.7779,0,0,0.2171,0,1]}]}},
{"name":"spine.005","index":5,"matrix":[1,0,0,0,0,0.982,-0.1889,0,0,0.1889,0.982,0,0,0.0657,0,1],"rest":[1,0,0,0,0,0.982,-0.1889,0,0,0.1889,0.982,0,0,0.0657,0,1],"parentBoneIndex":4,"length":0.0623
,"animation":
{"name":"anim","property":"_matrix","dataType":3,"framePerSecond":24,"loopBehavior":1,"keys":[
{"frame":1,"values":[1,0,0,0,0,0.982,-0.1889,0,0,0.1889,0.982,0,0,0.0657,0,1]},
{"frame":250,"values":[1,0,0,0,0,0.982,-0.1889,0,0,0.1889,0.982,0,0,0.0657,0,1]},
{"frame":260,"values":[1,0,0,0,0,0.982,-0.1889,0,0,0.1889,0.982,0,0,0.0657,0,1]},
