{"producer":{"name":"Blender","version":"3.1.2","exporter_version":"2.93.5","file":"untitled.babylon"},
"autoClear":true,"clearColor":[0.0509,0.0509,0.0509],"gravity":[0,-9.81,0],
"materials":[{"name":"TextureJR","id":"TextureJR","customType":"BABYLON.PBRMaterial","albedo":[0.8,0.8,0.8],"emissive":[1,1,1],"reflectivity":[0.5,0.5,0.5],"roughness":0.5,"alpha":1,"transparencyMode":0,"alphaCutOff":0.4,"metallic":0, 
"emissiveTexture":{"name":"main.png","level":1,"hasAlpha":true,"coordinatesMode":0,"uOffset":0,"vOffset":0,"uScale":1,"vScale":1,"uAng":0,"vAng":0,"wAng":0,"wrapU":1,"wrapV":1,"coordinatesIndex":0}}],
"skeletons":[{"name":"metarig","id":0,"dimensionsAtRest":[2.1662,2.2854,1.0284],"bones":[
{"name":"spine","index":0,"matrix":[1,0,0,0,0,0.9996,-0.0273,0,0,-0.0273,-0.9996,0,0,0.8572,0.0231,1],"rest":[1,0,0,0,0,0.9996,-0.0273,0,0,-0.0273,-0.9996,0,0,0.8572,0.0231,1],"parentBoneIndex":-1,"length":0.1639},
{"name":"spine.001","index":1,"matrix":[1,0,0,0,0,0.9165,0.4001,0,0,-0.4001,0.9165,0,0,0.1639,0,1],"rest":[1,0,0,0,0,0.9165,0.4001,0,0,-0.4001,0.9165,0,0,0.1639,0,1],"parentBoneIndex":0,"length":0.1851},
{"name":"spine.002","index":2,"matrix":[1,0,0,0,0,0.8912,-0.4535,0,0,0.4535,0.8912,0,0,0.1851,0,1],"rest":[1,0,0,0,0,0.8912,-0.4535,0,0,0.4535,0.8912,0,0,0.1851,0,1],"parentBoneIndex":1,"length":0.2163},
{"name":"spine.003","index":3,"matrix":[1,0,0,0,0,0.9638,-0.2667,0,0,0.2667,0.9638,0,0,0.2163,0,1],"rest":[1,0,0,0,0,0.9638,-0.2667,0,0,0.2667,0.9638,0,0,0.2163,0,1],"parentBoneIndex":2,"length":0.2171},
{"name":"spine.004","index":4,"matrix":[1,0,0,0,0,0.7779,0.6284,0,0,-0.6284,0.7779,0,0,0.2171,0,1],"rest":[1,0,0,0,0,0.7779,0.6284,0,0,-0.6284,0.7779,0,0,0.2171,0,1],"parentBoneIndex":3,"length":0.0657},
{"name":"spine.005","index":5,"matrix":[1,0,0,0,0,0.982,-0.1889,0,0,0.1889,0.982,0,0,0.0657,0,1],"rest":[1,0,0,0,0,0.982,-0.1889,0,0,0.1889,0.982,0,0,0.0657,0,1],"parentBoneIndex":4,"length":0.0623},
{"name":"spine.006","index":6,"matrix":[1,0,0,0,0,0.9824,-0.1866,0,0,0.1866,0.9824,0,0,0.0623,0,1],"rest":[1,0,0,0,0,0.9824,-0.1866,0,0,0.1866,0.9824,0,0,0.0623,0,1],"parentBoneIndex":5,"length":0.551},
{"name":"shoulder.L","index":7,"matrix":[0.6071,-0.2404,0.7574,0,0.7904,0.0843,-0.6068,0,0.082,0.967,0.2411,0,0.0182,0.1533,0.0632,1],"rest":[0.6071,-0.2404,0.7574,0,0.7904,0.0843,-0.6068,0,0.082,0.967,0.2411,0,0.0182,0.1533,0.0632,1],"parentBoneIndex":3,"length":0.1462},
{"name":"upper_arm.L","index":8,"matrix":[-0.6039,-0.7584,-0.2452,0,0.0404,0.2781,-0.9597,0,0.7961,-0.5894,-0.1373,0,0.0457,0.2188,-0.0138,1],"rest":[-0.1812,-0.0265,-0.9831,0,0.4856,0.8668,-0.1129,0,0.8552,-0.4979,-0.1442,0,0.0432,0.2114,0.0183,1],"parentBoneIndex":7,"length":0.296},
{"name":"forearm.L","index":9,"matrix":[0.9811,0.109,0.16,0,-0.1421,0.9667,0.2129,0,-0.1315,-0.2316,0.9639,0,0,0.296,0,1],"rest":[0.9811,0.109,0.16,0,-0.1421,0.9667,0.2129,0,-0.1315,-0.2316,0.9639,0,0,0.296,0,1],"parentBoneIndex":8,"length":0.2708},
{"name":"hand.L","index":10,"matrix":[0.9986,0.0503,-0.013,0,-0.0501,0.9986,0.0149,0,0.0137,-0.0142,0.9998,0,0,0.2708,0,1],"rest":[0.9986,0.0503,-0.013,0,-0.0501,0.9986,0.0149,0,0.0137,-0.0142,0.9998,0,0,0.2708,0,1],"parentBoneIndex":9,"length":0.1807},
{"name":"Finger.R","index":11,"matrix":[0.9599,-0.2766,0.0452,0,0.2685,0.8615,-0.431,0,0.0803,0.4259,0.9012,0,-0.0061,0.1728,-0.105,1],"rest":[0.9599,-0.2766,0.0452,0,0.2685,0.8615,-0.431,0,0.0803,0.4259,0.9012,0,-0.0061,0.1728,-0.105,1],"parentBoneIndex":10,"length":0.1058},
{"name":"Finger.001.R","index":12,"matrix":[0.957,-0.2901,-0.0018,0,0.2861,0.9447,-0.1601,0,0.0482,0.1527,0.9871,0,-0.0026,0.2014,-0.0425,1],"rest":[0.957,-0.2901,-0.0018,0,0.2861,0.9447,-0.1601,0,0.0482,0.1527,0.9871,0,-0.0026,0.2014,-0.0425,1],"parentBoneIndex":10,"length":0.1156},
{"name":"Finger.002.R","index":13,"matrix":[0.9247,-0.3799,-0.0225,0,0.3801,0.9188,0.1063,0,-0.0197,-0.1069,0.9941,0,0.0025,0.2111,0.0354,1],"rest":[0.9247,-0.3799,-0.0225,0,0.3801,0.9188,0.1063,0,-0.0197,-0.1069,0.9941,0,0.0025,0.2111,0.0354,1],"parentBoneIndex":10,"length":0.1101},
{"name":"Finger.003.R","index":14,"matrix":[0.8485,-0.5164,-0.1157,0,0.5167,0.7609,0.3924,0,-0.1146,-0.3928,0.9125,0,0.0103,0.1954,0.1043,1],"rest":[0.8485,-0.5164,-0.1157,0,0.5167,0.7609,0.3924,0,-0.1146,-0.3928,0.9125,0,0.0103,0.1954,0.1043,1],"parentBoneIndex":10,"length":0.101},
{"name":"Finger.004.R","index":15,"matrix":[0.8561,-0.4988,-0.1352,0,0.4287,0.5394,0.7248,0,-0.2886,-0.6784,0.6756,0,0.0155,0.0911,0.1419,1],"rest":[0.8561,-0.4988,-0.1352,0,0.4287,0.5394,0.7248,0,-0.2886,-0.6784,0.6756,0,0.0155,0.0911,0.1419,1],"parentBoneIndex":10,"length":0.0811},
{"name":"shoulder.R","index":16,"matrix":[0.6071,0.2404,-0.7574,0,-0.7904,0.0843,-0.6068,0,-0.082,0.967,0.2411,0,-0.0182,0.1533,0.0632,1],"rest":[0.6071,0.2404,-0.7574,0,-0.7904,0.0843,-0.6068,0,-0.082,0.967,0.2411,0,-0.0182,0.1533,0.0632,1],"parentBoneIndex":3,"length":0.1462},
{"name":"upper_arm.R","index":17,"matrix":[-0.6511,0.7012,0.2904,0,-0.0914,0.3074,-0.9472,0,-0.7534,-0.6433,-0.1361,0,-0.0472,0.2197,-0.0134,1],"rest":[-0.1516,-0.0217,0.9882,0,-0.5527,0.8307,-0.0666,0,-0.8195,-0.5563,-0.1379,0,-0.0432,0.2114,0.0183,1],"parentBoneIndex":16,"length":0.3042},
{"name":"forearm.R","index":18,"matrix":[0.9888,-0.0146,-0.1485,0,0.0258,0.9969,0.074,0,0.147,-0.077,0.9861,0,0,0.3042,0,1],"rest":[0.9888,-0.0146,-0.1485,0,0.0258,0.9969,0.074,0,0.147,-0.077,0.9861,0,0,0.3042,0,1],"parentBoneIndex":17,"length":0.2583},
{"name":"hand.R","index":19,"matrix":[0.9949,-0.1007,0.007,0,0.0996,0.9905,0.0951,0,-0.0165,-0.0939,0.9954,0,0,0.2583,0,1],"rest":[0.9949,-0.1007,0.007,0,0.0996,0.9905,0.0951,0,-0.0165,-0.0939,0.9954,0,0,0.2583,0,1],"parentBoneIndex":18,"length":0.1807},
{"name":"Finger.L","index":20,"matrix":[0.9599,0.2766,-0.0452,0,-0.2685,0.8615,-0.431,0,-0.0803,0.4259,0.9012,0,0.0061,0.1728,-0.105,1],"rest":[0.9599,0.2766,-0.0452,0,-0.2685,0.8615,-0.431,0,-0.0803,0.4259,0.9012,0,0.0061,0.1728,-0.105,1],"parentBoneIndex":19,"length":0.1058},
{"name":"Finger.001.L","index":21,"matrix":[0.957,0.2901,0.0018,0,-0.2861,0.9447,-0.1601,0,-0.0482,0.1527,0.9871,0,0.0026,0.2014,-0.0425,1],"rest":[0.957,0.2901,0.0018,0,-0.2861,0.9447,-0.1601,0,-0.0482,0.1527,0.9871,0,0.0026,0.2014,-0.0425,1],"parentBoneIndex":19,"length":0.1156},
{"name":"Finger.002.L","index":22,"matrix":[0.9247,0.3799,0.0225,0,-0.3801,0.9188,0.1063,0,0.0197,-0.1069,0.9941,0,-0.0025,0.2111,0.0354,1],"rest":[0.9247,0.3799,0.0225,0,-0.3801,0.9188,0.1063,0,0.0197,-0.1069,0.9941,0,-0.0025,0.2111,0.0354,1],"parentBoneIndex":19,"length":0.1101},
{"name":"Finger.003.L","index":23,"matrix":[0.8485,0.5164,0.1157,0,-0.5167,0.7609,0.3924,0,0.1146,-0.3928,0.9125,0,-0.0103,0.1954,0.1043,1],"rest":[0.8485,0.5164,0.1157,0,-0.5167,0.7609,0.3924,0,0.1146,-0.3928,0.9125,0,-0.0103,0.1954,0.1043,1],"parentBoneIndex":19,"length":0.101},
{"name":"Finger.004.L","index":24,"matrix":[0.8561,0.4988,0.1352,0,-0.4287,0.5394,0.7248,0,0.2886,-0.6784,0.6756,0,-0.0155,0.0911,0.1419,1],"rest":[0.8561,0.4988,0.1352,0,-0.4287,0.5394,0.7248,0,0.2886,-0.6784,0.6756,0,-0.0155,0.0911,0.1419,1],"parentBoneIndex":19,"length":0.0811},
{"name":"Tail","index":25,"matrix":[1,0,0,0,0,-0.5512,-0.8344,0,0,0.8344,-0.5512,0,0,0.0182,-0.0797,1],"rest":[1,0,0,0,0,-0.5512,-0.8344,0,0,0.8344,-0.5512,0,0,0.0182,-0.0797,1],"parentBoneIndex":2,"length":0.5002},
{"name":"Tail.001","index":26,"matrix":[1,0,0,0,0,-0.2561,0.9666,0,0,-0.9666,-0.2561,0,0,0.5002,0,1],"rest":[1,0,0,0,0,-0.2561,0.9666,0,0,-0.9666,-0.2561,0,0,0.5002,0,1],"parentBoneIndex":25,"length":0.504},
{"name":"Tail.002","index":27,"matrix":[1,0,0,0,0,0.1681,-0.9858,0,0,0.9858,0.1681,0,0,0.504,0,1],"rest":[1,0,0,0,0,0.1681,-0.9858,0,0,0.9858,0.1681,0,0,0.504,0,1],"parentBoneIndex":26,"length":0.2176},
{"name":"pelvis.L","index":28,"matrix":[-0.3327,-0.0735,0.9402,0,0.4606,0.8573,0.23,0,-0.8229,0.5095,-0.2513,0,0,0,0,1],"rest":[-0.3327,-0.0735,0.9402,0,0.4606,0.8573,0.23,0,-0.8229,0.5095,-0.2513,0,0,0,0,1],"parentBoneIndex":0,"length":0.2679},
{"name":"pelvis.R","index":29,"matrix":[-0.3327,0.0735,-0.9402,0,-0.4606,0.8573,0.23,0,0.8229,0.5095,-0.2513,0,0,0,0,1],"rest":[-0.3327,0.0735,-0.9402,0,-0.4606,0.8573,0.23,0,0.8229,0.5095,-0.2513,0,0,0,0,1],"parentBoneIndex":0,"length":0.2679},
{"name":"thigh.L","index":30,"matrix":[0.9919,0.126,-0.0143,0,0.1255,-0.9596,0.2519,0,0.018,-0.2516,-0.9677,0,0.1384,0.1966,0.0147,1],"rest":[0.9919,0.126,-0.0143,0,0.1255,-0.9596,0.2519,0,0.018,-0.2516,-0.9677,0,0.1384,0.1966,0.0147,1],"parentBoneIndex":0,"length":0.3715},
{"name":"shin.L","index":31,"matrix":[0.9942,0.1074,0.0095,0,-0.0922,0.8016,0.5906,0,0.0559,-0.5881,0.8069,0,0,0.3715,0,1],"rest":[0.9942,0.1074,0.0095,0,-0.0922,0.8016,0.5906,0,0.0559,-0.5881,0.8069,0,0,0.3715,0,1],"parentBoneIndex":30,"length":0.3416},
{"name":"foot.L","index":32,"matrix":[0.9998,0.0197,-0.0038,0,-0.0172,0.7433,-0.6688,0,-0.0104,0.6687,0.7435,0,0,0.3416,0,1],"rest":[0.9998,0.0197,-0.0038,0,-0.0172,0.7433,-0.6688,0,-0.0104,0.6687,0.7435,0,0,0.3416,0,1],"parentBoneIndex":31,"length":0.3845},
{"name":"toe.L","index":33,"matrix":[-1,0,0,0,0,0.3222,-0.9467,0,0,-0.9467,-0.3222,0,0,0.3845,0,1],"rest":[-1,0,0,0,0,0.3222,-0.9467,0,0,-0.9467,-0.3222,0,0,0.3845,0,1],"parentBoneIndex":32,"length":0.1398},
{"name":"heel.02.L","index":34,"matrix":[0,0.3222,-0.9467,0,1,0,0,0,0,-0.9467,-0.3222,0,-0.0378,0.3628,0.1151,1],"rest":[0,0.3222,-0.9467,0,1,0,0,0,0,-0.9467,-0.3222,0,-0.0378,0.3628,0.1151,1],"parentBoneIndex":32,"length":0.0795},
{"name":"thigh.R","index":35,"matrix":[0.9919,-0.126,0.0143,0,-0.1255,-0.9596,0.2519,0,-0.018,-0.2516,-0.9677,0,-0.1384,0.1966,0.0147,1],"rest":[0.9919,-0.126,0.0143,0,-0.1255,-0.9596,0.2519,0,-0.018,-0.2516,-0.9677,0,-0.1384,0.1966,0.0147,1],"parentBoneIndex":0,"length":0.3715},
{"name":"shin.R","index":36,"matrix":[0.9942,-0.1074,-0.0095,0,0.0922,0.8016,0.5906,0,-0.0559,-0.5881,0.8069,0,0,0.3715,0,1],"rest":[0.9942,-0.1074,-0.0095,0,0.0922,0.8016,0.5906,0,-0.0559,-0.5881,0.8069,0,0,0.3715,0,1],"parentBoneIndex":35,"length":0.3416},
{"name":"foot.R","index":37,"matrix":[0.9998,-0.0197,0.0038,0,0.0172,0.7433,-0.6688,0,0.0104,0.6687,0.7435,0,0,0.3416,0,1],"rest":[0.9998,-0.0197,0.0038,0,0.0172,0.7433,-0.6688,0,0.0104,0.6687,0.7435,0,0,0.3416,0,1],"parentBoneIndex":36,"length":0.3845},
{"name":"toe.R","index":38,"matrix":[-1,0,0,0,0,0.3222,-0.9467,0,0,-0.9467,-0.3222,0,0,0.3845,0,1],"rest":[-1,0,0,0,0,0.3222,-0.9467,0,0,-0.9467,-0.3222,0,0,0.3845,0,1],"parentBoneIndex":37,"length":0.1398},
{"name":"heel.02.R","index":39,"matrix":[0,-0.3222,0.9467,0,-1,0,0,0,0,-0.9467,-0.3222,0,0.0378,0.3628,0.1151,1],"rest":[0,-0.3222,0.9467,0,-1,0,0,0,0,-0.9467,-0.3222,0,0.0378,0.3628,0.1151,1],"parentBoneIndex":37,"length":0.0795}]}],
"meshes":[{"name":"Body","id":"Body","materialId":"TextureJR","billboardMode":0,"position":[0,0,0],"rotation":[0,0,0],"scaling":[1,1,1],"isVisible":true,"isEnabled":true,"pickable":false,"skeletonId":0,"numBoneInfluencers":6
,"positions":[0,1.2085,-0.2332,-0.122,1.1059,-0.1689,0,1.0582,-0.2243,-0.1106,1.2424,-0.1565,-0.1818,1.1685,-0.0828,-0.1179,1.4223,0.0842,-0.0017,1.5027,0.128,0,1.3971,0.1109,-0.1656,1.2932,-0.0538,-0.1386,1.1993,0.0147,-0.1818,1.1685,-0.0828,0,1.2886,0.0783,0,1.1821,0.0843,0,0.9059,-0.2071,-0.1541,0.9949,-0.1979,0,0.8319,-0.1688,-0.1632,1.4279,-0.0127
,-0.1713,1.5105,-0.0465,-0.1659,1.4418,0.0027,-0.1659,1.4418,0.0027,-0.1613,1.5012,0.0799,-0.116,1.3726,-0.1148,0,1.4791,-0.1311,-0.2346,1.0567,-0.1139,-0.2907,0.9758,0.034,-0.2833,0.9205,-0.1406,-0.2312,1.1084,0.0506,-0.1512,0.9886,0.1645,-0.2907,0.9758,0.034,-0.1541,0.9949,-0.1979,-0.1874,0.8655,-0.2174,0,1.5923,-0.0703,-0.0592,1.6784,-0.0395,-0.0993,1.6172,-0.0459
,0,1.5478,-0.0913,-0.1902,1.5541,-0.0696,-0.1733,1.5474,0.1142,0,1.5904,0.1141,0,1.6322,0.0843,-0.0629,1.7033,0.0462,-0.0039,1.7174,0.0655,-0.0904,1.6891,0.0036,-0.1576,1.6321,0.0068,-0.1097,1.6353,0.0612,-0.2268,1.5827,0.0961,-0.1576,1.6321,0.0068,-0.1097,1.6353,0.0612,-0.2304,1.581,-0.0361,-0.1576,1.6321,0.0068,-0.2542,1.6041,0.0307,0,1.6113,0.0992
,-0.1097,1.6353,0.0612,0,1.6322,0.0843,0,1.57,-0.0808,-0.0993,1.6172,-0.0459,-0.2346,1.0567,-0.1139,-0.2346,1.0567,-0.1139,-0.1818,1.1685,-0.0828,-0.1386,1.1993,0.0147,0,1.1191,0.1551,-0.0657,0.6902,0.0438,-0.156,0.6083,0.0781,-0.1258,0.7119,0.1017,-0.2277,0.7483,0.0556,-0.2393,0.6118,0.0365,-0.0245,0.6531,-0.0547,-0.079,0.5823,0.0483,-0.1893,0.6857,-0.2109
,-0.2646,0.5983,-0.1165,-0.1858,0.5722,-0.1567,-0.315,0.7476,-0.0355,-0.2973,0.6049,-0.036,-0.0245,0.6531,-0.0547,-0.0933,0.5683,-0.1236,-0.0425,0.5629,-0.0496,-0.0828,0.6564,-0.1542,-0.2778,0.7233,-0.1438,-0.2973,0.6049,-0.036,-0.2852,0.8177,-0.1445,-0.315,0.7476,-0.0355,-0.0742,0.7272,-0.1765,-0.0136,0.707,-0.0461,-0.0245,0.6531,-0.0547,-0.309,0.8369,-0.0185,-0.1954,0.783,-0.2191
,-0.0136,0.707,-0.0461,-0.0528,0.7477,0.0536,-0.2133,0.8306,0.0828,-0.0811,0.8087,0.1425,-0.1809,0.4486,-0.0749,-0.1193,0.4604,-0.0559,-0.2569,0.5077,0.002,-0.2277,0.5345,0.0575,-0.0884,0.4877,-0.0023,-0.1098,0.5238,0.0659,-0.1673,0.5469,0.0892,-0.2359,0.4732,-0.0495,-0.0884,0.4877,-0.0023,-0.2569,0.5077,0.002,-0.0884,0.4877,-0.0023,-0.1065,0.3875,-0.0296,-0.067,0.4005,0.0311
,-0.2527,0.3908,-0.0161,-0.1817,0.3768,-0.0471,-0.2569,0.5077,0.002,-0.2821,0.4145,0.0494,-0.1687,0.4379,0.1538,-0.2399,0.4279,0.1205,-0.0961,0.418,0.1127,-0.0554,0.1056,-0.0256,-0.1145,0.0709,-0.0949,-0.0391,-0.0014,-0.0716,-0.2393,0.1273,-0.0582,-0.1839,0.0966,-0.1122,-0.1824,0.1359,-0.0804,-0.3107,0.1128,-0.0078,-0.2515,0.0772,-0.0915,-0.3107,0.1128,-0.0078,-0.2507,-0.0014,0.0252
,-0.3125,-0.0014,-0.0716,-0.1255,0.1267,-0.0687,-0.1735,0.0802,0.0799,-0.0976,-0.0014,0.016,-0.1713,-0.0014,0.0579,-0.2755,0.0979,0.0511,-0.0554,0.1056,-0.0256,-0.0774,0.097,0.0276,-0.0569,0.3341,0.0301,-0.2589,0.3334,-0.0046,-0.1807,0.3248,-0.0352,-0.3011,0.348,0.0552,-0.2535,0.3599,0.1342,-0.3011,0.348,0.0552,-0.1007,0.324,-0.035,-0.1725,0.3869,0.1634,-0.067,0.4005,0.0311
,-0.0937,0.3541,0.1154,-0.0569,0.3341,0.0301,-0.3011,0.348,0.0552,-0.3107,0.1128,-0.0078,-0.1882,0.1107,-0.159,-0.2607,0.0657,-0.1868,-0.1828,0.0779,-0.2097,-0.1738,-0.0014,-0.1271,-0.1046,-0.0014,-0.2229,-0.1745,-0.0014,-0.253,-0.1186,-0.0014,-0.1271,-0.0696,-0.0014,-0.1456,-0.1018,0.0655,-0.1932,-0.0921,0.0875,-0.1372,-0.0696,-0.0014,-0.1456,-0.0555,-0.0014,-0.1118,-0.2824,0.0811,-0.143
,-0.3115,-0.0014,-0.146,-0.2379,-0.0014,-0.1271,-0.2714,-0.0014,-0.2234,-0.3115,-0.0014,-0.146,-0.3185,-0.0014,-0.1113,-0.0044,0.7694,-0.0367,-0.0584,0.7862,-0.1967,0,0.8319,-0.1688,0,1.0561,0.1827,-0.032,0.9417,0.1943,-0.0226,0.7994,0.0762,-0.0044,0.7694,-0.0367,-0.2907,0.9758,0.034,-0.309,0.8369,-0.0185,-0.2714,-0.0014,-0.2234,-0.1046,-0.0014,-0.2229,-0.1745,-0.0014,-0.253
,-0.0696,-0.0014,-0.1456,-0.1046,-0.0014,-0.2229,-0.2714,-0.0014,-0.2234,-0.3125,-0.0014,-0.0716,-0.2507,-0.0014,0.0252,-0.2515,0.0772,-0.0915,-0.3185,-0.0014,-0.1113,-0.1145,0.0709,-0.0949,-0.0391,-0.0014,-0.0716,-0.1839,0.0966,-0.1122,-0.1145,0.0709,-0.0949,-0.0391,-0.0014,-0.0716,-0.0976,-0.0014,0.016,-0.0976,-0.0014,0.016,-0.1713,-0.0014,0.0579,-0.2515,0.0772,-0.0915,-0.1839,0.0966,-0.1122
,0,1.331,-0.1979,-0.1167,1.3071,0.0441,-0.1632,1.4279,-0.0127,-0.1656,1.2932,-0.0538,0,1.1191,0.1551,-0.2647,1.4652,-0.0257,-0.2683,1.2762,-0.0343,-0.2214,1.4536,-0.0571,-0.1542,1.4572,0.0143,-0.2095,1.2852,0.0886,-0.1659,1.471,0.0753,-0.2252,1.2756,-0.0216,-0.178,1.4549,-0.0406,-0.3294,1.3015,0.037,-0.3147,1.2883,-0.0131,-0.2406,1.2025,0.0882,-0.2829,0.9908,0.0376
,-0.297,0.9662,0.112,-0.2805,1.4837,0.0353,-0.2974,1.3048,0.1012,-0.3507,1.2102,0.0448,-0.3829,1.0257,-0.0274,-0.3242,1.2161,0.003,-0.2473,1.2993,0.1235,-0.2043,1.4865,0.1067,-0.2519,1.4895,0.0901,-0.2473,1.2993,0.1235,-0.273,1.2114,0.122,-0.3793,1.0032,0.1161,-0.3168,1.2197,0.0998,-0.2465,1.2061,-0.0041,-0.2315,1.2037,0.0377,-0.398,1.0247,0.0355,-0.2038,1.2782,0.0337
,-0.273,1.2114,0.122,-0.3368,0.9638,0.1411,-0.2834,1.2086,-0.0174,-0.3013,0.9926,-0.0301,-0.2176,1.241,0.0357,-0.2601,1.2555,0.1228,-0.2473,1.2993,0.1235,-0.3422,1.2643,0.0414,-0.3105,1.2639,0.1078,-0.3402,1.0033,-0.069,-0.2043,1.4865,0.1067,-0.2449,1.5456,0.0934,-0.1733,1.5474,0.1142,-0.2816,1.5448,0.0358,-0.2589,1.5163,-0.0282,-0.1613,1.5012,0.0799,-0.1733,1.5474,0.1142
,-0.1713,1.5105,-0.0465,-0.1613,1.5012,0.0799,-0.2304,1.581,-0.0361,-0.2542,1.6041,0.0307,-0.2268,1.5827,0.0961,-0.1733,1.5474,0.1142,-0.361,0.8507,-0.1263,-0.3746,0.8616,-0.1564,-0.3879,0.8676,-0.1333,-0.3793,0.8832,-0.1651,-0.3943,0.8996,-0.1464,-0.3163,0.9162,-0.1537,-0.3442,0.9051,-0.1753,-0.3252,0.893,-0.1712,-0.3279,0.8572,-0.1281,-0.3553,0.8498,-0.1524,-0.3943,0.8996,-0.1464
,-0.3665,0.9014,-0.1726,-0.3765,0.9281,-0.1576,-0.3441,0.9345,-0.1611,-0.3094,0.8843,-0.1396,-0.3201,0.8721,-0.1626,-0.3324,0.8541,-0.1546,-0.4193,0.7541,-0.0902,-0.4133,0.7509,-0.1225,-0.4252,0.7746,-0.1137,-0.3617,0.7478,-0.0841,-0.3878,0.7302,-0.0958,-0.3947,0.7436,-0.0776,-0.4081,0.7935,-0.1352,-0.3802,0.7672,-0.1437,-0.3767,0.7994,-0.1412,-0.3439,0.7656,-0.1075,-0.3608,0.7594,-0.1366
,-0.3539,0.7453,-0.1197,-0.3647,0.733,-0.1028,-0.3947,0.7436,-0.0776,-0.4071,0.7371,-0.1048,-0.4252,0.7746,-0.1137,-0.4021,0.7633,-0.1387,-0.3507,0.7872,-0.1308,-0.3802,0.7672,-0.1437,-0.4487,0.738,-0.0293,-0.4316,0.7157,-0.0544,-0.4357,0.7441,-0.0596,-0.415,0.7177,0.008,-0.4333,0.705,-0.0165,-0.441,0.7279,-0.002,-0.3823,0.7317,-0.0627,-0.4121,0.714,-0.0638,-0.3939,0.7067,-0.0564
,-0.4399,0.7119,-0.035,-0.4487,0.738,-0.0293,-0.4121,0.714,-0.0638,-0.4082,0.7418,-0.0742,-0.3846,0.7139,-0.004,-0.415,0.698,-0.0087,-0.415,0.7177,0.008,-0.3719,0.7198,-0.0341,-0.3863,0.6988,-0.0378,-0.3947,0.695,-0.018,-0.3935,0.7204,0.0888,-0.4218,0.6976,0.0916,-0.4184,0.7277,0.1044,-0.3854,0.7137,0.0577,-0.4031,0.6933,0.0808,-0.4595,0.7245,0.0632,-0.4463,0.6941,0.0428
,-0.45,0.7208,0.032,-0.3973,0.7132,0.0268,-0.4263,0.6918,0.0316,-0.4064,0.6901,0.0396,-0.4459,0.7279,0.0928,-0.4218,0.6976,0.0916,-0.4425,0.6974,0.084,-0.4595,0.7245,0.0632,-0.4528,0.6961,0.0643,-0.4263,0.6918,0.0316,-0.4231,0.7161,0.0148,-0.3965,0.6901,0.0597,-0.3808,0.7704,0.1725,-0.4079,0.7487,0.1798,-0.4077,0.78,0.1834,-0.4473,0.7623,0.1494,-0.4283,0.7465,0.1746
,-0.4386,0.7378,0.1579,-0.4164,0.7365,0.1102,-0.4342,0.727,0.1392,-0.4159,0.7206,0.1296,-0.3855,0.7374,0.1196,-0.3835,0.7299,0.1534,-0.3703,0.7519,0.1464,-0.3897,0.7417,0.1712,-0.4349,0.7755,0.1742,-0.4079,0.7487,0.1798,-0.4414,0.7466,0.1227,-0.4386,0.7378,0.1579,-0.4159,0.7206,0.1296,-0.3945,0.7207,0.1359,-0.3833,0.751,-0.1407,-0.4277,0.6828,0.0435,-0.4263,0.6918,0.0316
,-0.4142,0.7027,-0.0566,-0.4121,0.714,-0.0638,-0.4156,0.7142,0.1437,-0.3348,0.8792,-0.1783,-0.3319,0.8671,-0.1735,-0.3461,0.8864,-0.1802,-0.3592,0.8844,-0.1784,-0.3793,0.8832,-0.1651,-0.3668,0.8739,-0.174,-0.3639,0.8614,-0.1692,-0.4016,0.6977,-0.0521,-0.3965,0.6922,-0.0398,-0.3389,0.8566,-0.1689,-0.4326,0.7016,-0.038,-0.427,0.7041,-0.0508,-0.4277,0.6968,-0.0258,-0.4326,0.7016,-0.038
,-0.415,0.698,-0.0087,-0.4153,0.6921,-0.0211,-0.4022,0.6899,-0.0268,-0.3703,0.7459,-0.1364,-0.3655,0.737,-0.1255,-0.4142,0.7027,-0.0566,-0.4133,0.7509,-0.1225,-0.3972,0.7486,-0.1372,-0.4042,0.7408,-0.1265,-0.3878,0.7302,-0.0958,-0.3997,0.7319,-0.1151,-0.3864,0.7274,-0.11,-0.372,0.729,-0.1145,-0.4141,0.6816,0.048,-0.4075,0.6813,0.0609,-0.3833,0.751,-0.1407,-0.4528,0.6961,0.0643
,-0.4406,0.684,0.0503,-0.4379,0.6858,0.0767,-0.4448,0.685,0.0641,-0.4244,0.6854,0.0809,-0.4244,0.6854,0.0809,-0.4119,0.6833,0.0745,-0.4311,0.7257,0.1622,-0.428,0.7185,0.1499,-0.4236,0.7314,0.1731,-0.4311,0.7257,0.1622,-0.4098,0.7324,0.1762,-0.4098,0.7324,0.1762,-0.3977,0.7274,0.1704,-0.4156,0.7142,0.1437,-0.4016,0.7143,0.1474,-0.3943,0.72,0.1586,-0.4156,0.7142,0.1437
,-0.3943,0.72,0.1586,-0.3668,0.8739,-0.174,-0.3639,0.8614,-0.1692,-0.3461,0.8864,-0.1802,-0.4016,0.6977,-0.0521,-0.4153,0.6921,-0.0211,-0.3864,0.7274,-0.11,-0.372,0.729,-0.1145,-0.3655,0.737,-0.1255,-0.4141,0.6816,0.048,-0.4379,0.6858,0.0767,-0.4119,0.6833,0.0745,-0.3523,0.8541,-0.1672,-0.3923,0.8861,-0.112,-0.3557,0.8837,-0.0866,-0.3615,0.8675,-0.1035,-0.3445,0.9551,-0.13
,-0.3758,0.9555,-0.1093,-0.3786,0.9457,-0.1329,-0.396,0.9172,-0.1249,-0.3946,0.8981,-0.0924,-0.4052,0.8207,-0.118,-0.4158,0.8297,-0.0882,-0.422,0.8027,-0.1007,-0.439,0.8196,0.0626,-0.4435,0.7868,0.0391,-0.4341,0.8064,0.0244,-0.4441,0.7644,0.0851,-0.4439,0.7903,0.0615,-0.4402,0.7921,0.0838,-0.4538,0.7611,0.0637,-0.3945,0.9283,-0.1007,-0.396,0.9172,-0.1249,-0.443,0.7904,0.1395
,-0.4348,0.8029,0.1064,-0.43,0.818,0.1326,-0.4322,0.8039,0.1631,-0.4199,0.8251,0.1543,-0.4035,0.8127,0.1745,-0.3895,0.8379,0.152,-0.4147,0.847,0.1258,-0.4383,0.8211,0.0944,-0.4492,0.7696,-0.0229,-0.4396,0.7897,0.0068,-0.4439,0.7606,0.0027,-0.4323,0.8015,-0.0417,-0.4382,0.7974,-0.0159,-0.4293,0.8243,-0.0107,-0.424,0.8246,-0.0511,-0.422,0.8124,-0.0715,-0.4203,0.7837,-0.0818
,-0.3756,0.8277,-0.1198,-0.4012,0.8394,-0.1019,-0.4037,0.8536,-0.0797,-0.3732,0.8488,-0.0935,-0.3946,0.8981,-0.0924,-0.3685,0.8636,-0.0878,-0.3557,0.8837,-0.0866,-0.3758,0.9555,-0.1093,-0.3926,0.9483,-0.0662,-0.3945,0.9283,-0.1007,-0.3956,0.7482,0.0539,-0.3829,0.7655,0.03,-0.3955,0.7431,0.0239,-0.4133,0.7614,0.0976,-0.3804,0.7715,0.0822,-0.4027,0.7544,0.0869,-0.3785,0.7673,0.0566
,-0.4155,0.7531,0.0179,-0.3745,0.7845,0.0216,-0.3667,0.7837,0.0592,-0.3801,0.7528,-0.0304,-0.3706,0.7804,-0.0468,-0.3801,0.7602,-0.0577,-0.3732,0.7652,0.0012,-0.3923,0.7465,-0.0025,-0.3668,0.772,-0.0223,-0.403,0.7716,-0.0625,-0.3662,0.8,-0.0457,-0.3597,0.7894,-0.0157,-0.3778,0.7827,0.139,-0.3754,0.8195,0.155,-0.3645,0.8035,0.1319,-0.3823,0.7629,0.1119,-0.3725,0.7928,0.093
,-0.4035,0.8127,0.1745,-0.3897,0.8027,0.1643,-0.3707,0.7846,0.11,-0.3526,0.8251,0.1309,-0.3895,0.8379,0.152,-0.3748,0.8736,0.1505,-0.3366,0.8636,0.1235,-0.3748,0.8736,0.1505,-0.4051,0.8842,0.1185,-0.3772,0.7768,-0.0756,-0.3611,0.7932,-0.063,-0.3593,0.7942,-0.093,-0.3556,0.8284,-0.0965,-0.3544,0.8114,-0.1129,-0.3502,0.8116,-0.0779,-0.3756,0.8277,-0.1198,-0.3732,0.8488,-0.0935
,-0.3445,0.8349,-0.0657,-0.3402,0.8774,-0.1051,-0.3351,0.8864,-0.09,-0.3227,0.9043,-0.1118,-0.3199,0.9103,-0.0869,-0.3251,0.9415,-0.0993,-0.3448,0.9718,-0.0826,-0.3197,0.9322,-0.1235,-0.319,0.9151,-0.0589,-0.3351,0.8864,-0.09,-0.3557,0.8837,-0.0866,-0.3251,0.9415,-0.0993,-0.3448,0.9718,-0.0826,-0.3402,1.0033,-0.069,-0.3829,1.0257,-0.0274,-0.3013,0.9926,-0.0301,-0.3448,0.9718,-0.0826
,-0.3315,0.8726,-0.0593,-0.3557,0.8837,-0.0866,-0.3685,0.8636,-0.0878,-0.3685,0.8636,-0.0878,-0.3732,0.8488,-0.0935,-0.3605,0.9014,0.1468,-0.3912,0.9308,0.1248,-0.3605,0.9014,0.1468,-0.3234,0.8973,0.12,-0.4257,0.8609,0.0924,-0.4358,0.8534,0.0613,-0.4297,0.8565,-0.0068,-0.4302,0.8773,0.0238,-0.4199,0.8606,-0.0407,-0.4067,0.8909,-0.0704,-0.4191,0.9388,0.0288,-0.3793,1.0032,0.1161
,-0.398,1.0247,0.0355,-0.3368,0.9638,0.1411,-0.297,0.9662,0.112,-0.3368,0.9638,0.1411,-0.3793,1.0032,0.1161,-0.3829,1.0257,-0.0274,-0.398,1.0247,0.0355,-0.3506,0.8262,0.0942,-0.3494,0.8274,0.0623,-0.3475,0.8308,-0.0032,-0.3473,0.833,-0.0345,-0.3434,0.8705,0.0317,-0.3013,0.9926,-0.0301,-0.3173,0.9331,0.0346,-0.2829,0.9908,0.0376,-0.297,0.9662,0.112,-0.2829,0.9908,0.0376
,-0.3946,0.8981,-0.0924,-0.3945,0.9283,-0.1007,-0.3956,0.7482,0.0539,-0.4155,0.7531,0.0179,-0.4538,0.7611,0.0637,-0.4595,0.7245,0.0632,-0.4133,0.7614,0.0976,-0.4441,0.7644,0.0851,-0.3955,0.7431,0.0239,-0.4231,0.7161,0.0148,-0.4465,0.7571,0.0309,-0.3956,0.7482,0.0539,-0.4027,0.7544,0.0869,-0.4027,0.7544,0.0869,-0.4133,0.7614,0.0976,-0.4133,0.7614,0.0976,-0.3823,0.7629,0.1119
,-0.4382,0.7753,0.1148,-0.4473,0.7623,0.1494,-0.4322,0.8039,0.1631,-0.4077,0.78,0.1834,-0.3778,0.7827,0.139,-0.3897,0.8027,0.1643,-0.3823,0.7629,0.1119,-0.3778,0.7827,0.139,-0.4133,0.7614,0.0976,-0.443,0.7904,0.1395,-0.3897,0.8027,0.1643,-0.4035,0.8127,0.1745,-0.3923,0.7465,-0.0025,-0.3801,0.7528,-0.0304,-0.3923,0.7465,-0.0025,-0.415,0.7177,0.008,-0.4155,0.7531,0.0179
,-0.403,0.7716,-0.0625,-0.4439,0.7606,0.0027,-0.4487,0.738,-0.0293,-0.4492,0.7696,-0.0229,-0.3801,0.7602,-0.0577,-0.4082,0.7418,-0.0742,-0.4155,0.7531,0.0179,-0.4439,0.7606,0.0027,-0.4369,0.7753,-0.0521,-0.3544,0.8114,-0.1129,-0.3767,0.7994,-0.1412,-0.422,0.8027,-0.1007,-0.4052,0.8207,-0.118,-0.403,0.7716,-0.0625,-0.4203,0.7837,-0.0818,-0.3772,0.7768,-0.0756,-0.3593,0.7942,-0.093
,-0.4052,0.8207,-0.118,-0.3756,0.8277,-0.1198,-0.3772,0.7768,-0.0756,-0.403,0.7716,-0.0625,-0.4203,0.7837,-0.0818,-0.422,0.8027,-0.1007,-0.396,0.9172,-0.1249,-0.4133,0.7614,0.0976,-0.4133,0.7614,0.0976,-0.4155,0.7531,0.0179,-0.4155,0.7531,0.0179,-0.403,0.7716,-0.0625,-0.403,0.7716,-0.0625,-0.1613,1.5012,0.0799,-0.1659,1.4418,0.0027,-0.1516,1.462,0.007,-0.1659,1.4418,0.0027
,-0.1713,1.5105,-0.0465,-0.225,1.2438,0.0888,-0.2601,1.2555,0.1228,-0.1902,1.5541,-0.0696,-0.1902,1.5541,-0.0696,-0.2304,1.581,-0.0361,-0.2043,1.4865,0.1067,-0.2601,1.2555,0.1228,-0.273,1.2114,0.122,0,0.8319,-0.1688,0,0.8168,-0.0091,0,0.8168,-0.0091,0,0.8193,0.0791,0,0.9479,0.1666,0,0.8319,-0.1688,-0.2907,0.9758,0.034,-0.2346,1.0567,-0.1139
,-0.1818,1.1685,-0.0828,-0.1386,1.1993,0.0147,0.122,1.1059,-0.1689,0.1818,1.1685,-0.0828,0.1106,1.2424,-0.1565,0.1175,1.422,0.0836,0.1386,1.1993,0.0147,0.1656,1.2932,-0.0538,0.1818,1.1685,-0.0828,0.1167,1.3071,0.0441,0.1541,0.9949,-0.1979,0.1633,1.4282,-0.0138,0.172,1.5117,-0.0473,0.1161,1.3726,-0.1149,0.1659,1.442,0.0013,0.1633,1.4282,-0.0138,0.2346,1.0567,-0.1139
,0.2833,0.9205,-0.1406,0.2907,0.9758,0.034,0.2312,1.1084,0.0506,0.2907,0.9758,0.034,0.1512,0.9886,0.1645,0.1541,0.9949,-0.1979,0.0593,1.6785,-0.039,0.0995,1.6178,-0.0446,0.1714,1.5458,0.1142,0.1606,1.5006,0.0793,0.0628,1.7032,0.047,0.1089,1.6348,0.063,0.0903,1.6892,0.0047,0.1573,1.6323,0.0092,0.2225,1.5793,0.0993,0.1573,1.6323,0.0092,0.2524,1.6036,0.0363
,0.1573,1.6323,0.0092,0.2315,1.5836,-0.0326,0.2524,1.6036,0.0363,0.1089,1.6348,0.063,0.0995,1.6178,-0.0446,0.2346,1.0567,-0.1139,0.2346,1.0567,-0.1139,0.1818,1.1685,-0.0828,0.1386,1.1993,0.0147,0.156,0.6083,0.0781,0.0657,0.6902,0.0438,0.1258,0.7119,0.1017,0.2277,0.7483,0.0556,0.079,0.5823,0.0483,0.0245,0.6531,-0.0547,0.1893,0.6857,-0.2109,0.2646,0.5983,-0.1165
,0.2778,0.7233,-0.1438,0.315,0.7476,-0.0355,0.2393,0.6118,0.0365,0.0245,0.6531,-0.0547,0.0933,0.5683,-0.1236,0.0828,0.6564,-0.1542,0.1858,0.5722,-0.1567,0.2973,0.6049,-0.036,0.315,0.7476,-0.0355,0.2852,0.8177,-0.1445,0.315,0.7476,-0.0355,0.309,0.8369,-0.0185,0.0742,0.7272,-0.1765,0.1954,0.783,-0.2191,0.0136,0.707,-0.0461,0.309,0.8369,-0.0185,0.2133,0.8306,0.0828
,0.0136,0.707,-0.0461,0.0528,0.7477,0.0536,0.0811,0.8087,0.1425,0.1809,0.4486,-0.0749,0.2569,0.5077,0.002,0.2973,0.6049,-0.036,0.2277,0.5345,0.0575,0.0884,0.4877,-0.0023,0.0425,0.5629,-0.0496,0.1098,0.5238,0.0659,0.2359,0.4732,-0.0495,0.0425,0.5629,-0.0496,0.1193,0.4604,-0.0559,0.2569,0.5077,0.002,0.0884,0.4877,-0.0023,0.1065,0.3875,-0.0296,0.2527,0.3908,-0.0161
,0.2569,0.5077,0.002,0.2821,0.4145,0.0494,0.1817,0.3768,-0.0471,0.1687,0.4379,0.1538,0.1673,0.5469,0.0892,0.2399,0.4279,0.1205,0.0961,0.418,0.1127,0.0554,0.1056,-0.0256,0.1145,0.0709,-0.0949,0.1255,0.1267,-0.0687,0.1839,0.0966,-0.1122,0.2393,0.1273,-0.0582,0.1824,0.1359,-0.0804,0.2515,0.0772,-0.0915,0.3107,0.1128,-0.0078,0.3107,0.1128,-0.0078,0.2507,-0.0014,0.0252
,0.2755,0.0979,0.0511,0.1735,0.0802,0.0799,0.0976,-0.0014,0.016,0.0774,0.097,0.0276,0.0554,0.1056,-0.0256,0.0569,0.3341,0.0301,0.067,0.4005,0.0311,0.2589,0.3334,-0.0046,0.3011,0.348,0.0552,0.2821,0.4145,0.0494,0.2535,0.3599,0.1342,0.1007,0.324,-0.035,0.1725,0.3869,0.1634,0.0937,0.3541,0.1154,0.067,0.4005,0.0311,0.0569,0.3341,0.0301,0.1807,0.3248,-0.0352
,0.3011,0.348,0.0552,0.1882,0.1107,-0.159,0.2607,0.0657,-0.1868,0.2824,0.0811,-0.143,0.1738,-0.0014,-0.1271,0.1046,-0.0014,-0.2229,0.1186,-0.0014,-0.1271,0.0696,-0.0014,-0.1456,0.0555,-0.0014,-0.1118,0.1018,0.0655,-0.1932,0.0921,0.0875,-0.1372,0.0696,-0.0014,-0.1456,0.0555,-0.0014,-0.1118,0.3115,-0.0014,-0.146,0.3185,-0.0014,-0.1113,0.2379,-0.0014,-0.1271,0.1745,-0.0014,-0.253
,0.3115,-0.0014,-0.146,0.3185,-0.0014,-0.1113,0.0044,0.7694,-0.0367,0,0.8319,-0.1688,0.0584,0.7862,-0.1967,0.032,0.9417,0.1943,0.0226,0.7994,0.0762,0.0044,0.7694,-0.0367,0.1874,0.8655,-0.2174,0.2907,0.9758,0.034,0.1828,0.0779,-0.2097,0.2714,-0.0014,-0.2234,0.1046,-0.0014,-0.2229,0.0696,-0.0014,-0.1456,0.1046,-0.0014,-0.2229,0.3125,-0.0014,-0.0716,0.2507,-0.0014,0.0252
,0.2507,-0.0014,0.0252,0.1713,-0.0014,0.0579,0.2515,0.0772,-0.0915,0.3125,-0.0014,-0.0716,0.0555,-0.0014,-0.1118,0.1145,0.0709,-0.0949,0.0391,-0.0014,-0.0716,0.1839,0.0966,-0.1122,0.1145,0.0709,-0.0949,0.0391,-0.0014,-0.0716,0.0976,-0.0014,0.016,0.0976,-0.0014,0.016,0.2515,0.0772,-0.0915,0.1839,0.0966,-0.1122,0.1633,1.4282,-0.0138,0.1656,1.2932,-0.0538,0,1.1191,0.1551
,0.1927,1.5581,-0.069,0.2709,1.2801,-0.0465,0.2661,1.4682,-0.0266,0.2246,1.4585,-0.061,0.2054,1.2816,0.0733,0.1537,1.4577,0.0068,0.1623,1.4681,0.0691,0.2272,1.2787,-0.0361,0.1803,1.4585,-0.0469,0.328,1.3011,0.0296,0.2784,1.4831,0.0362,0.2368,1.1991,0.0697,0.2828,0.9909,0.0087,0.2306,1.2034,0.019,0.2924,1.3005,0.092,0.2469,1.4854,0.0897,0.3861,1.0297,-0.0484
,0.3492,1.2095,0.033,0.3249,1.218,-0.0098,0.2413,1.2935,0.1111,0.1988,1.4818,0.1032,0.2413,1.2935,0.1111,0.1988,1.4818,0.1032,0.3747,0.9986,0.093,0.2674,1.2059,0.1056,0.3123,1.2156,0.0864,0.2478,1.2083,-0.0218,0.2028,1.278,0.018,0.2674,1.2059,0.1056,0.2928,0.9618,0.0821,0.3049,0.9969,-0.0576,0.2853,1.2117,-0.0328,0.2167,1.2407,0.0185,0.2543,1.2499,0.1085
,0.2413,1.2935,0.1111,0.3407,1.2637,0.0324,0.3053,1.2592,0.0968,0.3161,1.291,-0.022,0.1988,1.4818,0.1032,0.1714,1.5458,0.1142,0.2401,1.5418,0.0955,0.2794,1.544,0.0401,0.2602,1.5193,-0.0266,0.1606,1.5006,0.0793,0.1714,1.5458,0.1142,0.172,1.5117,-0.0473,0.1927,1.5581,-0.069,0.1515,1.4622,0.0055,0.1606,1.5006,0.0793,0.2315,1.5836,-0.0326,0.2524,1.6036,0.0363
,0.2524,1.6036,0.0363,0.2225,1.5793,0.0993,0.2225,1.5793,0.0993,0.1714,1.5458,0.1142,0.3855,0.8738,-0.1874,0.3704,0.8611,-0.1589,0.3975,0.8785,-0.1633,0.3906,0.8959,-0.1945,0.4045,0.9112,-0.1741,0.3269,0.9281,-0.1846,0.356,0.9183,-0.2053,0.355,0.9469,-0.1893,0.3661,0.8618,-0.1852,0.3374,0.8677,-0.1621,0.3781,0.9146,-0.2016,0.4045,0.9112,-0.1741,0.3872,0.9403,-0.1845
,0.3194,0.8954,-0.1729,0.3368,0.906,-0.203,0.3314,0.8846,-0.196,0.4228,0.7613,-0.1583,0.427,0.7626,-0.1255,0.434,0.7844,-0.1474,0.3959,0.739,-0.1343,0.3692,0.7558,-0.123,0.4017,0.7513,-0.115,0.3908,0.7788,-0.1802,0.4181,0.8046,-0.1686,0.387,0.8109,-0.1759,0.3526,0.775,-0.1462,0.3711,0.7706,-0.1746,0.3606,0.798,-0.1677,0.3634,0.7555,-0.1591,0.4156,0.7465,-0.1417
,0.4017,0.7513,-0.115,0.4124,0.7746,-0.1742,0.434,0.7844,-0.1474,0.3908,0.7788,-0.1802,0.387,0.8109,-0.1759,0.4375,0.7221,-0.0915,0.453,0.7427,-0.0642,0.4417,0.7507,-0.0947,0.4371,0.709,-0.0543,0.4174,0.7203,-0.0301,0.4439,0.7311,-0.0381,0.3886,0.7385,-0.1016,0.4185,0.7209,-0.102,0.4151,0.7492,-0.1109,0.4446,0.7171,-0.0719,0.453,0.7427,-0.0642,0.4185,0.7209,-0.102
,0.4151,0.7492,-0.1109,0.4185,0.7015,-0.0479,0.3877,0.7171,-0.0439,0.4174,0.7203,-0.0301,0.3767,0.7249,-0.0743,0.4,0.7131,-0.0962,0.3913,0.7041,-0.0785,0.4197,0.695,0.0523,0.3915,0.7179,0.0494,0.4155,0.7243,0.0668,0.4017,0.6915,0.0403,0.3851,0.7131,0.0176,0.4469,0.6946,0.0049,0.4588,0.7237,0.0278,0.4511,0.7219,-0.0041,0.3988,0.7146,-0.0126,0.4275,0.693,-0.0075
,0.4252,0.7182,-0.023,0.4436,0.7253,0.0567,0.4197,0.695,0.0523,0.4155,0.7243,0.0668,0.4588,0.7237,0.0278,0.4408,0.6954,0.046,0.4275,0.693,-0.0075,0.4252,0.7182,-0.023,0.4072,0.6908,-0.0008,0.4008,0.7407,0.1426,0.374,0.7627,0.1351,0.4002,0.7717,0.148,0.4417,0.7561,0.1153,0.4214,0.7388,0.1385,0.4279,0.7678,0.1401,0.4131,0.7328,0.073,0.4293,0.7215,0.1023
,0.4374,0.7421,0.0874,0.3779,0.7236,0.1138,0.3817,0.733,0.0807,0.3651,0.7458,0.1075,0.3831,0.7343,0.1327,0.4008,0.7407,0.1426,0.4002,0.7717,0.148,0.4327,0.7312,0.1219,0.4417,0.7561,0.1153,0.4116,0.7157,0.0913,0.4131,0.7328,0.073,0.3938,0.7624,-0.178,0.4283,0.6832,0.0039,0.4275,0.693,-0.0075,0.4202,0.7092,-0.0955,0.4185,0.7209,-0.102,0.4106,0.7085,0.105
,0.4116,0.7157,0.0913,0.347,0.8927,-0.2104,0.3583,0.9,-0.2112,0.3713,0.8979,-0.2088,0.3906,0.8959,-0.1945,0.3786,0.8872,-0.2047,0.3755,0.8744,-0.2008,0.4074,0.7039,-0.092,0.3433,0.8662,-0.1885,0.3438,0.8803,-0.2065,0.4376,0.7069,-0.076,0.4446,0.7171,-0.0719,0.432,0.7015,-0.0643,0.4185,0.7015,-0.0479,0.4194,0.6964,-0.0606,0.3986,0.6991,-0.0585,0.4066,0.6945,-0.0672
,0.3806,0.7571,-0.1747,0.4202,0.7092,-0.0955,0.4076,0.7598,-0.1739,0.4228,0.7613,-0.1583,0.4139,0.7514,-0.1634,0.4088,0.7419,-0.1528,0.3959,0.739,-0.1343,0.3954,0.737,-0.1487,0.3732,0.7422,-0.1424,0.3753,0.7475,-0.1647,0.3963,0.6895,0.0188,0.4145,0.6818,0.0076,0.3938,0.7624,-0.178,0.3908,0.7788,-0.1802,0.4408,0.684,0.0114,0.4522,0.6952,0.0268,0.4522,0.6952,0.0268
,0.4367,0.6842,0.0377,0.4229,0.6836,0.0411,0.4197,0.695,0.0523,0.4229,0.6836,0.0411,0.4108,0.6818,0.0339,0.425,0.7188,0.1249,0.4327,0.7312,0.1219,0.4169,0.7239,0.1357,0.4029,0.7246,0.1381,0.4008,0.7407,0.1426,0.4029,0.7246,0.1381,0.3912,0.72,0.1314,0.3899,0.7154,0.0964,0.4106,0.7085,0.105,0.4106,0.7085,0.105,0.3884,0.7134,0.119,0.3884,0.7134,0.119
,0.347,0.8927,-0.2104,0.3438,0.8803,-0.2065,0.3639,0.867,-0.1999,0.4074,0.7039,-0.092,0.4194,0.6964,-0.0606,0.4139,0.7514,-0.1634,0.3938,0.7624,-0.178,0.4367,0.6842,0.0377,0.4145,0.6818,0.0076,0.3639,0.867,-0.1999,0.3627,0.8916,-0.1176,0.4006,0.8956,-0.1407,0.3695,0.8765,-0.1351,0.3837,0.9647,-0.1347,0.3536,0.9655,-0.1571,0.3878,0.9563,-0.1587,0.4018,0.9064,-0.1203
,0.4049,0.9274,-0.1515,0.4231,0.8379,-0.1191,0.4142,0.8307,-0.1499,0.43,0.8117,-0.1329,0.4439,0.7873,0.0067,0.438,0.8186,0.0318,0.4352,0.8078,-0.0073,0.442,0.7622,0.0512,0.443,0.7895,0.0293,0.4529,0.7602,0.0302,0.4381,0.7899,0.0514,0.4355,0.8182,0.0635,0.4475,0.7581,-0.0031,0.402,0.9371,-0.1268,0.4049,0.9274,-0.1515,0.4379,0.7848,0.1069,0.4314,0.7993,0.0742
,0.4345,0.7712,0.0811,0.4258,0.7968,0.1306,0.4251,0.8128,0.101,0.3963,0.8049,0.1409,0.4138,0.8185,0.1225,0.4102,0.8421,0.0951,0.3836,0.8314,0.1193,0.4417,0.7922,-0.0255,0.453,0.774,-0.0558,0.4464,0.7634,-0.0312,0.437,0.8069,-0.0736,0.4424,0.7814,-0.0853,0.4323,0.8277,-0.0414,0.4416,0.8012,-0.0478,0.4292,0.8305,-0.082,0.4283,0.8196,-0.1032,0.4274,0.7916,-0.1153
,0.4092,0.8484,-0.133,0.3847,0.8377,-0.1529,0.4104,0.8612,-0.1099,0.4018,0.9064,-0.1203,0.3756,0.8717,-0.1192,0.4127,0.8978,-0.0982,0.3982,0.9549,-0.0913,0.3837,0.9647,-0.1347,0.402,0.9371,-0.1268,0.384,0.7665,-0.0071,0.3954,0.7478,0.0164,0.397,0.7445,-0.0138,0.3786,0.7694,0.0452,0.4106,0.7584,0.0618,0.4006,0.752,0.0501,0.4172,0.755,-0.018,0.3661,0.7829,0.0223
,0.37,0.7899,0.0569,0.3781,0.7667,0.0193,0.3758,0.7861,-0.0834,0.3846,0.7576,-0.0682,0.386,0.7666,-0.0949,0.3758,0.768,-0.0363,0.3952,0.7496,-0.04,0.4091,0.7783,-0.0978,0.3632,0.7932,-0.0524,0.3759,0.786,-0.0147,0.3707,0.7762,-0.0597,0.3729,0.7771,0.1023,0.3694,0.8129,0.1205,0.3832,0.7955,0.1295,0.3789,0.759,0.0743,0.3963,0.8049,0.1409,0.3674,0.7808,0.0731
,0.3599,0.7983,0.0958,0.3479,0.8198,0.0955,0.3836,0.8314,0.1193,0.3689,0.8672,0.1191,0.3322,0.8587,0.0895,0.3689,0.8672,0.1191,0.4008,0.8797,0.0896,0.3841,0.7843,-0.1119,0.3713,0.8056,-0.0813,0.3634,0.837,-0.1308,0.3671,0.8027,-0.1291,0.3632,0.8211,-0.1482,0.3672,0.7999,-0.0993,0.3847,0.8377,-0.1529,0.357,0.8191,-0.1136,0.3506,0.8416,-0.1004,0.3483,0.8865,-0.1372
,0.3311,0.9137,-0.1432,0.3423,0.8945,-0.1219,0.3327,0.9501,-0.1284,0.3286,0.9422,-0.1534,0.3244,0.9213,-0.0901,0.3423,0.8945,-0.1219,0.3269,0.9182,-0.1182,0.3327,0.9501,-0.1284,0.3512,0.9793,-0.1088,0.3458,1.0099,-0.0936,0.3861,1.0297,-0.0484,0.3049,0.9969,-0.0576,0.3458,1.0099,-0.0936,0.3371,0.8789,-0.0924,0.3627,0.8916,-0.1176,0.3756,0.8717,-0.1192,0.3546,0.8951,0.1164
,0.3863,0.9258,0.0979,0.3546,0.8951,0.1164,0.3191,0.8925,0.0874,0.4229,0.858,0.0633,0.4347,0.8524,0.0324,0.4324,0.8597,-0.0356,0.4244,0.8658,-0.0697,0.4311,0.8786,-0.0038,0.4194,0.9396,0.0043,0.3747,0.9986,0.093,0.3976,1.0249,0.0151,0.331,0.9577,0.1132,0.2928,0.9618,0.0821,0.331,0.9577,0.1132,0.3747,0.9986,0.093,0.3861,1.0297,-0.0484,0.3479,0.8232,0.0589
,0.3485,0.8264,0.0271,0.3501,0.8337,-0.0382,0.344,0.8712,-0.0011,0.3517,0.8378,-0.0692,0.3175,0.9335,0.0041,0.3049,0.9969,-0.0576,0.2828,0.9909,0.0087,0.2928,0.9618,0.0821,0.2828,0.9909,0.0087,0.3808,0.8572,-0.1256,0.4018,0.9064,-0.1203,0.402,0.9371,-0.1268,0.3954,0.7478,0.0164,0.397,0.7445,-0.0138,0.4172,0.755,-0.018,0.4475,0.7581,-0.0031,0.4529,0.7602,0.0302
,0.442,0.7622,0.0512,0.4106,0.7584,0.0618,0.442,0.7622,0.0512,0.397,0.7445,-0.0138,0.4172,0.755,-0.018,0.4475,0.7581,-0.0031,0.4529,0.7602,0.0302,0.3954,0.7478,0.0164,0.4006,0.752,0.0501,0.4006,0.752,0.0501,0.4106,0.7584,0.0618,0.4106,0.7584,0.0618,0.3789,0.759,0.0743,0.4345,0.7712,0.0811,0.4417,0.7561,0.1153,0.4379,0.7848,0.1069,0.4258,0.7968,0.1306
,0.4002,0.7717,0.148,0.3963,0.8049,0.1409,0.3729,0.7771,0.1023,0.3832,0.7955,0.1295,0.3789,0.759,0.0743,0.3729,0.7771,0.1023,0.4106,0.7584,0.0618,0.4345,0.7712,0.0811,0.4379,0.7848,0.1069,0.4258,0.7968,0.1306,0.3832,0.7955,0.1295,0.3963,0.8049,0.1409,0.3952,0.7496,-0.04,0.3846,0.7576,-0.0682,0.3846,0.7576,-0.0682,0.386,0.7666,-0.0949,0.4174,0.7203,-0.0301
,0.3952,0.7496,-0.04,0.4172,0.755,-0.018,0.4091,0.7783,-0.0978,0.4424,0.7814,-0.0853,0.453,0.7427,-0.0642,0.4464,0.7634,-0.0312,0.453,0.774,-0.0558,0.386,0.7666,-0.0949,0.4091,0.7783,-0.0978,0.4172,0.755,-0.018,0.4464,0.7634,-0.0312,0.4424,0.7814,-0.0853,0.453,0.774,-0.0558,0.3632,0.8211,-0.1482,0.387,0.8109,-0.1759,0.3847,0.8377,-0.1529,0.43,0.8117,-0.1329
,0.4142,0.8307,-0.1499,0.4091,0.7783,-0.0978,0.4274,0.7916,-0.1153,0.3841,0.7843,-0.1119,0.3671,0.8027,-0.1291,0.3671,0.8027,-0.1291,0.3632,0.8211,-0.1482,0.4142,0.8307,-0.1499,0.3847,0.8377,-0.1529,0.3841,0.7843,-0.1119,0.4091,0.7783,-0.0978,0.4274,0.7916,-0.1153,0.43,0.8117,-0.1329,0.4049,0.9274,-0.1515,0.4106,0.7584,0.0618,0.4106,0.7584,0.0618,0.4172,0.755,-0.018
,0.4172,0.755,-0.018,0.4091,0.7783,-0.0978,0.4091,0.7783,-0.0978,0.1606,1.5006,0.0793,0.1659,1.442,0.0013,0.1659,1.442,0.0013,0.172,1.5117,-0.0473,0.2211,1.2403,0.0719,0.2543,1.2499,0.1085,0.1927,1.5581,-0.069,0.2315,1.5836,-0.0326,0.1927,1.5581,-0.069,0.172,1.5117,-0.0473,0.1988,1.4818,0.1032,0.2543,1.2499,0.1085,0.2674,1.2059,0.1056,0,0.8319,-0.1688
,0,0.8168,-0.0091,0.0044,0.7694,-0.0367,0,0.8319,-0.1688,0.1541,0.9949,-0.1979,0.2907,0.9758,0.034,0.2346,1.0567,-0.1139,0.1386,1.1993,0.0147,0.1818,1.1685,-0.0828,-0.1656,1.2932,-0.0538,-0.1632,1.4279,-0.0127,-0.1659,1.4418,0.0027,-0.1541,0.9949,-0.1979,0,1.6972,-0.0628,-0.2542,1.6041,0.0307,-0.1576,1.6321,0.0068,-0.0993,1.6172,-0.0459,-0.1576,1.6321,0.0068
,-0.1097,1.6353,0.0612,0,1.5923,-0.0703,-0.0993,1.6172,-0.0459,-0.2346,1.0567,-0.1139,-0.0425,0.5629,-0.0496,-0.0245,0.6531,-0.0547,-0.315,0.7476,-0.0355,-0.2973,0.6049,-0.036,-0.309,0.8369,-0.0185,-0.315,0.7476,-0.0355,-0.0136,0.707,-0.0461,-0.0425,0.5629,-0.0496,-0.2973,0.6049,-0.036,-0.2569,0.5077,0.002,-0.0884,0.4877,-0.0023,-0.2569,0.5077,0.002,-0.2821,0.4145,0.0494
,-0.067,0.4005,0.0311,-0.3125,-0.0014,-0.0716,-0.3107,0.1128,-0.0078,-0.0554,0.1056,-0.0256,-0.0391,-0.0014,-0.0716,-0.2821,0.4145,0.0494,-0.067,0.4005,0.0311,-0.0569,0.3341,0.0301,-0.0569,0.3341,0.0301,-0.0554,0.1056,-0.0256,-0.3011,0.348,0.0552,-0.0555,-0.0014,-0.1118,-0.0696,-0.0014,-0.1456,-0.3185,-0.0014,-0.1113,-0.3115,-0.0014,-0.146,-0.0044,0.7694,-0.0367,-0.0136,0.707,-0.0461
,-0.2907,0.9758,0.034,-0.309,0.8369,-0.0185,-0.2714,-0.0014,-0.2234,-0.1745,-0.0014,-0.253,-0.1046,-0.0014,-0.2229,-0.3125,-0.0014,-0.0716,-0.2507,-0.0014,0.0252,-0.2507,-0.0014,0.0252,-0.1713,-0.0014,0.0579,-0.2515,0.0772,-0.0915,-0.3125,-0.0014,-0.0716,-0.3185,-0.0014,-0.1113,-0.1145,0.0709,-0.0949,-0.1839,0.0966,-0.1122,-0.0391,-0.0014,-0.0716,-0.0555,-0.0014,-0.1118,-0.0976,-0.0014,0.016
,-0.2515,0.0772,-0.0915,-0.1632,1.4279,-0.0127,-0.1656,1.2932,-0.0538,-0.2043,1.4865,0.1067,-0.2473,1.2993,0.1235,-0.3368,0.9638,0.1411,-0.273,1.2114,0.122,-0.1613,1.5012,0.0799,-0.1713,1.5105,-0.0465,-0.1902,1.5541,-0.0696,-0.1613,1.5012,0.0799,-0.2304,1.581,-0.0361,-0.2542,1.6041,0.0307,-0.2542,1.6041,0.0307,-0.2268,1.5827,0.0961,-0.3943,0.8996,-0.1464,-0.3793,0.8832,-0.1651
